0 0 0 0 0
1 0.0010002 0.0010002 0 0
2 0.0060002 0.0060002 0 0
3 0.0310002 0.0310002 0 0
4 0.156 0.156 0 0
5 0.59139 0.758016 0 0
6 1.03422 1.33873 0 0
7 1.45258 2.09735 0 0
8 1.90868 3.06097 0 0
9 2.41752 3.66051 0 0
10 3.05825 4.33469 0 0
11 3.90467 5.18908 0 0
12 4.98859 5.91143 0 0
13 5.8056 6.68064 0 0
14 6.68176 7.46039 0 0
15 7.67393 8.19225 0 0
16 8.5755 8.87425 0 0
17 9.49636 9.56526 0 0
18 10.4259 10.3206 0 0
19 11.3377 11.1192 0 0
20 12.2236 11.7901 0 0
21 13.1056 12.4741 0 0
22 14.0113 13.231 0 0
23 14.938 14.0337 0 0
24 15.8522 14.6902 0 0
25 16.7308 15.3632 0 0
26 17.5927 16.1225 0 0
27 18.4785 16.936 0 0
28 19.401 17.5742 0 0
29 20.3233 18.2349 0 0
30 21.2022 19.0009 0 0
31 22.046 19.8313 0 0
32 22.9066 20.4458 0 0
33 23.82 21.0902 0 0
34 24.7551 21.8663 0 0
35 25.6451 22.6144 0 0
36 26.476 23.3826 0 0
37 27.3065 24.1012 0 0
38 28.2019 24.7596 0 0
39 29.1515 25.4208 0 0
40 30.0659 26.153 0 0
41 30.8946 26.9439 0 0
42 31.6924 27.595 0 0
43 32.5568 28.2646 0 0
44 33.516 29.0109 0 0
45 34.3563 29.8003 0 0
46 35.2163 30.4374 0 0
47 36.1183 31.0915 0 0
48 37.0312 31.8391 0 0
49 37.9045 32.6483 0 0
50 38.7353 33.2693 0 0
51 39.5746 33.916 0 0
52 40.4701 34.6762 0 0
53 41.4032 35.4175 0 0
54 42.3004 36.1727 0 0
55 43.1301 36.8812 0 0
56 43.9448 37.5393 0 0
57 44.8236 38.2062 0 0
58 45.778 38.94 0 0
59 46.6228 39.7222 0 0
60 47.4811 40.3767 0 0
61 48.3862 41.0453 0 0
62 49.3171 41.7876 0 0
63 50.2162 42.5779 0 0
64 51.0639 43.2264 0 0
65 51.9073 43.891 0 0
66 52.81 44.6408 0 0
67 53.7755 45.4478 0 0
68 54.7245 46.0882 0 0
69 55.5918 46.75 0 0
70 56.417 47.5128 0 0
71 57.3009 48.341 0 0
72 58.302 48.9692 0 0
73 59.2264 49.6249 0 0
74 60.1685 50.404 0 0
75 61.1135 51.1703 0 0
76 62.0464 51.951 0 0
77 62.9726 52.6778 0 0
78 63.915 53.3496 0 0
79 64.8889 54.0354 0 0
80 65.8791 54.8007 0 0
81 66.8521 55.6214 0 0
82 67.7979 56.2924 0 0
83 68.7479 56.9814 0 0
84 69.7436 57.7602 0 0
85 70.7848 58.5993 0 0
86 71.8154 59.2671 0 0
87 72.7889 59.9566 0 0
88 73.7335 60.7508 0 0
89 74.7259 61.6142 0 0
90 75.8057 62.2751 0 0
91 76.9077 62.9636 0 0
92 77.9279 63.7768 0 0
93 78.8673 64.5809 0 0
94 79.8326 65.398 0 0
95 80.9224 66.1587 0 0
96 82.0947 66.8657 0 0
97 83.0377 67.5914 0 0
98 84.0086 68.3998 0 0
99 85.1197 69.2602 0 0
100 86.3256 69.9685 0 0
101 87.2682 70.6933 0 0
102 88.246 71.5116 0 0
103 89.3878 72.3953 0 0
104 90.6462 73.1038 0 0
105 91.5652 73.8346 0 0
106 92.5358 74.6711 0 0
107 93.7217 75.5764 0 0
108 94.8871 76.2803 0 0
109 96.087 77.0107 0 0
110 97.0349 77.8653 0 0
111 98.0062 78.8013 0 0
112 99.1564 79.4953 0 0
113 100.461 80.2236 0 0
114 101.363 81.1014 0 0
115 102.334 81.9621 0 0
116 103.545 82.8422 0 0
117 104.685 83.6596 0 0
118 105.874 84.4118 0 0
119 106.986 85.1798 0 0
120 107.992 86.0417 0 0
121 108.999 86.9708 0 0
122 110.137 87.7228 0 0
123 111.409 88.4971 0 0
124 112.437 89.378 0 0
125 113.507 90.3296 0 0
126 114.679 91.0756 0 0
127 115.898 91.8486 0 0
128 117.037 92.7486 0 0
129 118.063 93.7336 0 0
130 119.078 94.4673 0 0
131 119.746 95.2368 0 0
132 119.995 96.1621 0 0
133 120.754 97.0711 0 0
134 120.973 98.0003 0 0
135 121.939 98.8612 0 0
136 122.815 99.6516 0 0
137 124.144 100.46 0 0
138 125.608 101.37 0 0
139 126.642 102.355 0 0
140 127.867 103.143 0 0
141 128.877 103.957 0 0
142 129.941 104.892 0 0
143 131.07 105.745 0 0
144 132.184 106.619 0 0
145 133.206 107.498 0 0
146 134.166 108.366 0 0
147 135.17 109.222 0 0
148 136.289 110.088 0 0
149 137.232 110.974 0 0
150 138.24 111.872 0 0
151 139.297 112.759 0 0
152 140.335 113.634 0 0
153 141.348 114.515 0 0
154 142.341 115.423 0 0
155 143.308 116.357 0 0
156 144.236 117.289 0 0
157 145.123 118.2 0 0
158 145.989 119.102 0 0
159 146.882 119.572 0 0
160 147.899 119.889 0 0
161 149.317 120.314 0 0
162 150.582 120.699 0 0
163 151.918 120.935 0 0
164 152.973 121.424 0 0
165 154.056 121.866 0 0
166 155.03 124.078 0 0
167 156.031 124.615 0 0
168 157.039 125.496 0 0
169 158.016 126.729 0 0
170 158.956 127.507 0 0
171 159.897 128.404 0 0
172 160.88 129.495 0 0
173 161.894 130.348 0 0
174 162.881 131.261 0 0
175 163.808 132.265 0 0
176 164.711 133.163 0 0
177 165.661 134.078 0 0
178 166.68 135.026 0 0
179 167.696 135.981 0 0
180 168.627 136.902 0 0
181 169.493 137.789 0 0
182 170.393 138.683 0 0
183 171.403 139.622 0 0
184 172.467 140.593 0 0
185 173.302 141.537 0 0
186 174.163 142.421 0 0
187 175.17 143.287 0 0
188 176.285 144.212 0 0
189 177.097 145.223 0 0
190 177.954 146.243 0 0
191 178.995 147.169 0 0
192 180.025 148.012 0 0
193 180.945 148.894 0 0
194 181.681 149.933 0 0
195 182.368 150.95 0 0
196 183.068 151.988 0 0
197 183.743 152.953 0 0
198 184.446 153.848 0 0
199 185.208 154.773 0 0
200 186.062 155.817 0 0
201 187.037 156.942 0 0
202 188.112 157.85 0 0
203 189.227 158.785 0 0
204 190.387 159.857 0 0
205 191.575 161.03 0 0
206 192.767 161.906 0 0
207 193.587 162.827 0 0
208 194.477 163.889 0 0
209 195.571 164.838 0 0
210 196.563 165.817 0 0
211 197.599 166.807 0 0
212 198.603 167.77 0 0
213 199.53 168.697 0 0
214 200.427 169.625 0 0
215 201.387 170.598 0 0
216 202.442 171.608 0 0
217 203.384 172.596 0 0
218 204.343 173.522 0 0
219 205.338 174.421 0 0
220 206.342 175.371 0 0
221 207.311 176.405 0 0
222 208.24 177.135 0 0
223 209.175 177.788 0 0
224 210.163 178.392 0 0
225 211.191 179.008 0 0
226 212.187 179.592 0 0
227 213.112 180.181 0 0
228 214.014 180.791 0 0
229 214.978 181.428 0 0
230 216.028 182.09 0 0
231 217.074 182.773 0 0
232 218.016 183.47 0 0
233 218.882 184.177 0 0
234 219.795 184.889 0 0
235 220.848 185.604 0 0
236 221.844 186.32 0 0
237 222.859 187.036 0 0
238 223.842 187.75 0 0
239 224.777 188.463 0 0
240 225.709 189.172 0 0
241 226.696 189.877 0 0
242 227.738 190.575 0 0
243 228.759 191.272 0 0
244 229.7 191.968 0 0
245 230.601 192.657 0 0
246 231.56 193.339 0 0
247 232.621 194.015 0 0
248 233.703 194.687 0 0
249 234.575 195.354 0 0
250 235.462 196.015 0 0
251 236.499 196.67 0 0
252 237.665 197.319 0 0
253 238.517 197.964 0 0
254 239.42 198.604 0 0
255 240.508 199.239 0 0
256 241.548 199.863 0 0
257 242.619 200.485 0 0
258 243.624 201.11 0 0
259 244.549 201.734 0 0
260 245.479 202.349 0 0
261 246.51 202.952 0 0
262 247.633 203.551 0 0
263 248.557 204.155 0 0
264 249.51 204.762 0 0
265 250.573 205.361 0 0
266 251.704 205.946 0 0
267 252.616 206.524 0 0
268 253.553 207.106 0 0
269 254.628 207.698 0 0
270 255.805 208.286 0 0
271 256.698 208.858 0 0
272 257.632 209.415 0 0
273 258.74 209.976 0 0
274 258.916 210.552 0 0
275 259.226 211.133 0 0
276 259.507 211.698 0 0
277 260.507 212.238 0 0
278 261.514 212.775 0 0
279 262.895 213.332 0 0
280 263.97 213.91 0 0
281 265.193 214.476 0 0
282 266.109 215.005 0 0
283 266.992 215.515 0 0
284 267.998 216.047 0 0
285 269.193 216.62 0 0
286 270.384 217.197 0 0
287 271.5 217.726 0 0
288 272.517 218.211 0 0
289 273.474 218.708 0 0
290 273.946 219.265 0 0
291 274.267 219.862 0 0
292 274.56 220.324 0 0
293 276.024 220.805 0 0
294 276.984 221.367 0 0
295 278.115 221.911 0 0
296 279.246 222.467 0 0
297 280.398 222.986 0 0
298 281.306 223.463 0 0
299 282.235 223.94 0 0
300 283.325 224.468 0 0
301 284.547 225.039 0 0
302 285.44 225.502 0 0
303 286.385 225.981 0 0
304 287.507 226.519 0 0
305 288.555 227.091 0 0
306 289.637 227.531 0 0
307 290.673 227.987 0 0
308 291.631 228.527 0 0
309 292.573 229.057 0 0
310 293.587 229.598 0 0
311 294.686 230.096 0 0
312 295.634 230.547 0 0
313 296.604 231.003 0 0
314 297.64 231.518 0 0
315 298.701 232.083 0 0
316 299.698 232.518 0 0
317 300.609 232.973 0 0
318 301.514 233.503 0 0
319 302.508 234.012 0 0
320 303.593 234.532 0 0
321 304.476 235.023 0 0
322 305.391 235.479 0 0
323 306.41 235.934 0 0
324 307.48 236.431 0 0
325 308.31 236.966 0 0
326 309.169 237.414 0 0
327 310.183 237.874 0 0
328 311.18 238.381 0 0
329 312.198 238.915 0 0
330 313.032 239.349 0 0
331 313.88 239.794 0 0
332 314.853 240.301 0 0
333 315.923 240.853 0 0
334 316.709 241.27 0 0
335 317.541 241.706 0 0
336 318.542 242.225 0 0
337 319.486 242.729 0 0
338 320.462 243.245 0 0
339 321.378 243.725 0 0
340 322.205 244.16 0 0
341 323.018 244.598 0 0
342 323.92 245.091 0 0
343 324.923 245.633 0 0
344 325.729 246.058 0 0
345 326.57 246.502 0 0
346 327.51 247.012 0 0
347 328.492 247.506 0 0
348 329.245 248.008 0 0
349 330.024 248.483 0 0
350 330.956 248.927 0 0
351 331.882 249.375 0 0
352 332.733 249.863 0 0
353 333.598 250.384 0 0
354 334.467 250.824 0 0
355 335.317 251.273 0 0
356 336.143 251.768 0 0
357 336.966 252.295 0 0
358 337.812 252.724 0 0
359 338.678 253.165 0 0
360 339.53 253.666 0 0
361 340.341 254.21 0 0
362 341.129 254.625 0 0
363 341.943 255.059 0 0
364 342.805 255.572 0 0
365 343.673 256.077 0 0
366 344.485 256.591 0 0
367 345.239 257.066 0 0
368 346.002 257.499 0 0
369 346.844 257.939 0 0
370 347.77 258.438 0 0
371 348.678 258.985 0 0
372 349.515 259.036 0 0
373 350.308 259.087 0 0
374 351.14 259.237 0 0
375 352.064 259.393 0 0
376 352.919 259.589 0 0
377 353.788 259.831 0 0
378 354.652 260.149 0 0
379 355.489 260.578 0 0
380 356.306 261.108 0 0
381 357.133 261.551 0 0
382 357.991 262.011 0 0
383 358.862 262.506 0 0
384 359.7 263.015 0 0
385 360.492 263.507 0 0
386 361.28 263.976 0 0
387 362.115 264.453 0 0
388 362.999 264.971 0 0
389 363.862 265.53 0 0
390 363.931 266.022 0 0
391 363.979 266.523 0 0
392 363.998 267.065 0 0
393 364.042 267.663 0 0
394 364.083 268.179 0 0
395 364.286 268.712 0 0
396 364.642 269.284 0 0
397 364.867 269.893 0 0
398 364.942 270.381 0 0
399 364.985 270.889 0 0
400 364.999 271.494 0 0
401 365.044 272.054 0 0
402 365.085 272.551 0 0
403 365.289 273.098 0 0
404 366.311 273.563 0 0
405 367.209 273.772 0 0
406 368.068 273.967 0 0
407 368.881 274.05 0 0
408 369.709 274.125 0 0
409 370.512 274.359 0 0
410 371.277 274.598 0 0
411 372.037 274.93 0 0
412 372.832 275.378 0 0
413 373.663 276.028 0 0
414 374.477 276.565 0 0
415 375.238 277.162 0 0
416 375.972 277.643 0 0
417 376.741 278.144 0 0
418 377.571 278.708 0 0
419 378.406 279.309 0 0
420 379.175 279.782 0 0
421 379.886 280.27 0 0
422 380.619 280.843 0 0
423 381.437 281.483 0 0
424 382.299 281.945 0 0
425 382.993 282.435 0 0
426 383.705 283.036 0 0
427 384.521 283.623 0 0
428 385.404 284.227 0 0
429 386.077 284.782 0 0
430 386.78 285.284 0 0
431 387.607 285.796 0 0
432 388.41 286.387 0 0
433 389.228 287.041 0 0
434 389.998 287.543 0 0
435 390.714 288.068 0 0
436 391.436 288.686 0 0
437 392.226 289.363 0 0
438 393.067 289.859 0 0
439 393.778 290.382 0 0
440 394.503 291.02 0 0
441 395.3 291.656 0 0
442 396.141 292.308 0 0
443 396.845 292.902 0 0
444 397.562 293.442 0 0
445 398.361 294.004 0 0
446 399.213 294.653 0 0
447 399.908 295.36 0 0
448 400.622 295.907 0 0
449 401.428 296.475 0 0
450 402.293 297.144 0 0
451 402.976 297.884 0 0
452 403.682 298.44 0 0
453 404.497 299.022 0 0
454 405.382 299.718 0 0
455 406.048 300.486 0 0
456 406.745 301.056 0 0
457 407.574 301.653 0 0
458 408.382 302.373 0 0
459 409.207 303.17 0 0
460 409.979 303.761 0 0
461 410.693 304.38 0 0
462 411.417 305.125 0 0
463 412.217 305.944 0 0
464 413.072 306.568 0 0
465 413.783 307.217 0 0
466 414.51 307.984 0 0
467 415.321 308.82 0 0
468 416.183 309.493 0 0
469 416.886 310.182 0 0
470 417.608 310.97 0 0
471 418.424 311.817 0 0
472 419.302 312.616 0 0
473 419.995 313.351 0 0
474 420.711 314.096 0 0
475 421.538 314.921 0 0
476 422.435 315.793 0 0
477 423.111 316.638 0 0
478 423.817 317.446 0 0
479 424.657 318.272 0 0
480 425.477 319.15 0 0
481 426.313 320.051 0 0
482 427.096 320.943 0 0
483 427.822 321.835 0 0
484 428.558 322.748 0 0
485 429.373 323.687 0 0
486 430.245 324.639 0 0
487 430.973 325.605 0 0
488 431.717 326.596 0 0
489 432.548 327.626 0 0
490 433.439 328.421 0 0
491 434.173 329.256 0 0
492 434.926 330.214 0 0
493 435.778 331.109 0 0
494 436.707 332.025 0 0
495 437.446 332.916 0 0
496 438.211 333.76 0 0
497 439.099 334.59 0 0
498 440.084 335.456 0 0
499 440.824 336.366 0 0
500 441.602 337.265 0 0
501 442.54 338.101 0 0
502 443.497 338.895 0 0
503 444.364 339.719 0 0
504 445.248 340.616 0 0
505 446.185 341.533 0 0
506 447 342.377 0 0
507 447.847 343.14 0 0
508 448.725 343.911 0 0
509 449.597 344.777 0 0
510 450.438 345.717 0 0
511 451.265 346.455 0 0
512 452.126 347.221 0 0
513 453.038 348.101 0 0
514 453.96 348.946 0 0
515 454.837 349.806 0 0
516 455.678 350.625 0 0
517 456.546 351.395 0 0
518 457.481 352.165 0 0
519 458.447 352.988 0 0
520 459.371 353.855 0 0
521 460.239 354.689 0 0
522 461.115 355.448 0 0
523 462.07 356.177 0 0
524 463.09 356.964 0 0
525 464.077 357.834 0 0
526 464.97 358.594 0 0
527 465.827 359.373 0 0
528 466.764 360.189 0 0
529 467.828 361.012 0 0
530 468.752 361.793 0 0
531 469.706 362.534 0 0
532 470.705 363.282 0 0
533 471.71 363.526 0 0
534 472.666 363.854 0 0
535 473.58 363.928 0 0
536 474.514 363.977 0 0
537 475.521 363.996 0 0
538 476.572 364.041 0 0
539 477.571 364.081 0 0
540 478.484 364.284 0 0
541 479.385 364.641 0 0
542 480.379 364.935 0 0
543 481.479 364.991 0 0
544 482.411 365.042 0 0
545 483.369 365.088 0 0
546 484.41 365.318 0 0
547 484.829 366.47 0 0
548 485.538 367.177 0 0
549 485.956 368.072 0 0
550 486.794 368.818 0 0
551 487.556 369.615 0 0
552 489.542 370.431 0 0
553 490.389 371.202 0 0
554 491.488 371.915 0 0
555 492.879 372.628 0 0
556 493.732 373.405 0 0
557 494.695 374.237 0 0
558 495.926 374.943 0 0
559 496.967 375.664 0 0
560 498.081 376.451 0 0
561 499.195 377.274 0 0
562 500.213 377.967 0 0
563 501.15 378.671 0 0
564 502.121 379.453 0 0
565 503.221 380.287 0 0
566 504.393 380.966 0 0
567 505.293 381.664 0 0
568 506.228 382.452 0 0
569 507.19 383.295 0 0
570 508.265 383.955 0 0
571 509.35 384.639 0 0
572 510.422 385.433 0 0
573 511.488 386.296 0 0
574 512.487 386.932 0 0
575 513.412 387.6 0 0
576 514.346 388.406 0 0
577 515.303 389.183 0 0
578 516.239 389.981 0 0
579 517.223 390.727 0 0
580 518.381 391.411 0 0
581 519.322 392.098 0 0
582 520.332 392.859 0 0
583 521.386 393.682 0 0
584 522.388 394.36 0 0
585 523.297 395.056 0 0
586 524.183 395.833 0 0
587 525.15 396.655 0 0
588 526.222 397.319 0 0
589 527.127 398.001 0 0
590 528.061 398.78 0 0
591 529.066 399.623 0 0
592 530.096 400.271 0 0
593 531.055 400.945 0 0
594 531.931 401.738 0 0
595 532.81 402.511 0 0
596 533.788 403.299 0 0
597 534.852 404.038 0 0
598 535.709 404.724 0 0
599 536.595 405.42 0 0
600 537.596 406.186 0 0
601 538.662 407 0 0
602 539.486 407.683 0 0
603 540.34 408.379 0 0
604 541.347 409.152 0 0
605 542.343 409.974 0 0
606 543.357 410.649 0 0
607 544.291 411.34 0 0
608 545.147 412.12 0 0
609 546.023 412.957 0 0
610 547.013 413.62 0 0
611 548.087 414.306 0 0
612 548.949 415.096 0 0
613 549.835 415.952 0 0
614 550.585 416.599 0 0
615 551.285 417.275 0 0
616 551.995 418.078 0 0
617 552.684 418.862 0 0
618 553.401 419.662 0 0
619 554.174 420.41 0 0
620 555.029 421.099 0 0
621 555.989 421.799 0 0
622 557.073 422.573 0 0
623 557.964 423.403 0 0
624 558.651 424.086 0 0
625 559.226 424.787 0 0
626 559.739 425.572 0 0
627 560.275 426.408 0 0
628 560.758 427.079 0 0
629 561.226 427.77 0 0
630 561.696 428.56 0 0
631 562.174 429.413 0 0
632 562.663 430.07 0 0
633 563.163 430.752 0 0
634 563.672 431.554 0 0
635 564.189 432.338 0 0
636 564.714 433.136 0 0
637 565.246 433.884 0 0
638 565.785 434.581 0 0
639 566.328 435.29 0 0
640 566.875 436.071 0 0
641 567.426 436.9 0 0
642 567.978 437.598 0 0
643 568.53 438.31 0 0
644 569.082 439.1 0 0
645 569.634 439.946 0 0
646 570.184 440.652 0 0
647 570.733 441.373 0 0
648 571.28 442.176 0 0
649 571.824 443.038 0 0
650 572.365 443.751 0 0
651 572.905 444.482 0 0
652 573.443 445.305 0 0
653 573.978 446.195 0 0
654 574.51 446.915 0 0
655 575.04 447.657 0 0
656 575.568 448.504 0 0
657 576.094 449.426 0 0
658 576.619 450.152 0 0
659 577.141 450.905 0 0
660 577.66 451.78 0 0
661 578.177 452.738 0 0
662 578.695 453.469 0 0
663 579.211 454.232 0 0
664 579.725 455.135 0 0
665 580.236 456.129 0 0
666 580.745 456.867 0 0
667 581.255 457.641 0 0
668 581.766 458.571 0 0
669 582.274 459.49 0 0
670 582.779 460.425 0 0
671 583.282 461.302 0 0
672 583.786 462.125 0 0
673 584.292 462.976 0 0
674 584.797 463.915 0 0
675 585.299 464.901 0 0
676 585.797 465.832 0 0
677 586.295 466.679 0 0
678 586.798 467.526 0 0
679 587.302 468.472 0 0
680 587.803 469.512 0 0
681 588.297 470.381 0 0
682 588.79 471.275 0 0
683 589.289 472.259 0 0
684 589.794 473.294 0 0
685 590.297 474.269 0 0
686 590.79 475.15 0 0
687 591.278 476.024 0 0
688 591.771 477.003 0 0
689 592.277 478.093 0 0
690 592.785 478.992 0 0
691 593.282 479.922 0 0
692 593.765 480.952 0 0
693 594.25 482.038 0 0
694 594.753 482.942 0 0
695 595.271 483.863 0 0
696 595.778 484.903 0 0
697 596.259 485.321 0 0
698 596.732 485.704 0 0
699 597.226 485.941 0 0
700 597.753 486.456 0 0
701 598.281 486.924 0 0
702 598.77 488.576 0 0
703 599.228 489.627 0 0
704 599.703 490.86 0 0
705 600.231 491.729 0 0
706 600.79 492.666 0 0
707 601.235 493.808 0 0
708 601.694 494.871 0 0
709 602.226 495.973 0 0
710 602.815 497.03 0 0
711 603.244 498.011 0 0
712 603.698 498.982 0 0
713 604.251 500.038 0 0
714 604.786 501.189 0 0
715 605.338 502.185 0 0
716 605.846 503.204 0 0
717 606.304 504.295 0 0
718 606.766 505.427 0 0
719 607.295 506.502 0 0
720 607.884 507.486 0 0
721 608.335 508.454 0 0
722 608.808 509.512 0 0
723 609.363 510.671 0 0
724 609.9 511.649 0 0
725 610.447 512.658 0 0
726 610.963 513.704 0 0
727 611.442 514.725 0 0
728 611.927 515.676 0 0
729 612.463 516.598 0 0
730 613.043 517.568 0 0
731 613.52 518.615 0 0
732 614.012 519.665 0 0
733 614.563 520.623 0 0
734 615.155 521.505 0 0
735 615.626 522.417 0 0
736 616.112 523.448 0 0
737 616.675 524.546 0 0
738 617.295 525.386 0 0
739 617.754 526.259 0 0
740 618.237 527.294 0 0
741 618.822 528.308 0 0
742 619.398 529.343 0 0
743 619.988 530.298 0 0
744 620.528 531.165 0 0
745 621.017 532.041 0 0
746 621.518 533.027 0 0
747 622.096 534.104 0 0
748 622.736 534.943 0 0
749 623.219 535.818 0 0
750 623.726 536.829 0 0
751 623.932 537.805 0 0
752 623.996 538.66 0 0
753 624.264 539.327 0 0
754 624.514 539.925 0 0
755 625.054 540.548 0 0
756 625.734 541.117 0 0
757 626.252 541.678 0 0
758 626.813 542.25 0 0
759 627.438 542.839 0 0
760 628.003 543.446 0 0
761 628.579 544.069 0 0
762 629.172 544.704 0 0
763 629.774 545.346 0 0
764 630.367 545.995 0 0
765 630.947 546.648 0 0
766 631.532 547.303 0 0
767 632.144 547.958 0 0
768 632.779 548.613 0 0
769 633.408 549.265 0 0
770 634.01 549.914 0 0
771 634.605 550.559 0 0
772 635.231 551.2 0 0
773 635.906 551.837 0 0
774 636.594 552.469 0 0
775 637.239 553.097 0 0
776 637.844 553.72 0 0
777 638.469 554.337 0 0
778 638.833 554.949 0 0
779 638.975 555.556 0 0
780 639.285 556.157 0 0
781 639.567 556.753 0 0
782 640.461 557.344 0 0
783 641.042 557.929 0 0
784 641.706 558.51 0 0
785 642.48 559.086 0 0
786 643.145 559.656 0 0
787 643.83 560.223 0 0
788 644.559 560.788 0 0
789 645.308 561.349 0 0
790 646.038 561.902 0 0
791 646.752 562.448 0 0
792 647.484 562.993 0 0
793 648.25 563.538 0 0
794 649.028 564.081 0 0
795 649.8 564.617 0 0
796 650.574 565.145 0 0
797 651.363 565.671 0 0
798 652.168 566.198 0 0
799 652.98 566.725 0 0
800 653.799 567.246 0 0
801 654.627 567.758 0 0
802 655.465 568.267 0 0
803 656.312 568.778 0 0
804 657.17 569.291 0 0
805 658.038 569.8 0 0
806 658.919 570.299 0 0
807 659.814 570.792 0 0
808 660.726 571.288 0 0
809 661.661 571.789 0 0
810 662.575 572.289 0 0
811 663.552 572.778 0 0
812 664.581 573.257 0 0
813 665.667 573.737 0 0
814 666.817 574.227 0 0
815 668.041 574.72 0 0
816 669.341 575.204 0 0
817 670.292 575.673 0 0
818 671.348 576.137 0 0
819 672.517 576.611 0 0
820 673.45 577.099 0 0
821 674.424 577.582 0 0
822 675.518 578.044 0 0
823 676.546 578.492 0 0
824 677.591 578.95 0 0
825 678.61 579.432 0 0
826 679.58 579.919 0 0
827 680.534 580.381 0 0
828 681.525 580.815 0 0
829 682.565 581.252 0 0
830 683.596 581.722 0 0
831 684.553 582.216 0 0
832 685.455 582.689 0 0
833 686.387 583.115 0 0
834 687.411 583.525 0 0
835 688.476 583.973 0 0
836 689.325 584.475 0 0
837 690.198 584.901 0 0
838 691.211 585.341 0 0
839 692.328 585.811 0 0
840 693.115 586.286 0 0
841 693.955 586.73 0 0
842 694.997 587.142 0 0
843 695.978 587.559 0 0
844 697.003 588.019 0 0
845 697.822 588.511 0 0
846 698.664 588.911 0 0
847 699.638 589.323 0 0
848 700.709 589.788 0 0
849 701.468 590.287 0 0
850 702.277 590.671 0 0
851 703.277 591.07 0 0
852 704.224 591.54 0 0
853 705.212 592.001 0 0
854 705.997 592.471 0 0
855 706.805 592.906 0 0
856 707.745 593.303 0 0
857 708.784 593.704 0 0
858 709.511 594.155 0 0
859 710.289 594.646 0 0
860 711.258 595.031 0 0
861 712.173 595.433 0 0
862 713.13 595.895 0 0
863 713.885 596.344 0 0
864 714.664 596.801 0 0
865 715.574 597.231 0 0
866 716.483 597.632 0 0
867 717.406 598.036 0 0
868 718.15 598.478 0 0
869 718.908 598.951 0 0
870 719.793 599.345 0 0
871 720.788 599.749 0 0
872 721.484 600.198 0 0
873 722.23 600.675 0 0
874 723.156 601.058 0 0
875 724.02 601.452 0 0
876 724.923 601.905 0 0
877 725.659 602.399 0 0
878 726.414 602.766 0 0
879 727.275 603.151 0 0
880 728.215 603.616 0 0
881 728.472 604.067 0 0
882 728.722 604.53 0 0
883 728.914 604.957 0 0
884 728.967 605.343 0 0
885 728.991 605.732 0 0
886 729.035 606.174 0 0
887 729.074 606.663 0 0
888 729.273 607.039 0 0
889 729.622 607.434 0 0
890 729.916 607.894 0 0
891 729.984 608.337 0 0
892 729.999 608.788 0 0
893 730.046 609.215 0 0
894 730.088 609.613 0 0
895 730.299 610.012 0 0
896 731.353 610.449 0 0
897 732.19 610.92 0 0
898 733.083 611.314 0 0
899 733.838 611.718 0 0
900 734.628 612.164 0 0
901 735.455 612.638 0 0
902 736.266 613.023 0 0
903 737.024 613.419 0 0
904 737.753 613.87 0 0
905 738.516 614.36 0 0
906 739.34 614.734 0 0
907 740.171 615.125 0 0
908 740.937 615.588 0 0
909 741.643 616.042 0 0
910 742.368 616.506 0 0
911 743.178 616.934 0 0
912 744.036 617.324 0 0
913 744.724 617.721 0 0
914 745.431 618.171 0 0
915 746.241 618.664 0 0
916 747.117 619.045 0 0
917 747.783 619.444 0 0
918 748.477 619.909 0 0
919 749.298 620.364 0 0
920 750.093 620.827 0 0
921 750.904 621.26 0 0
922 751.667 621.66 0 0
923 752.374 622.066 0 0
924 753.086 622.519 0 0
925 753.867 623.009 0 0
926 754.701 623.403 0 0
927 755.401 623.81 0 0
928 756.117 623.936 0 0
929 756.906 623.997 0 0
930 757.74 624.12 0 0
931 758.43 624.238 0 0
932 759.135 624.487 0 0
933 759.926 624.768 0 0
934 760.773 625.179 0 0
935 761.451 625.746 0 0
936 762.15 626.122 0 0
937 762.95 626.546 0 0
938 763.812 627.051 0 0
939 764.473 627.468 0 0
940 765.162 627.906 0 0
941 765.972 628.375 0 0
942 766.765 628.846 0 0
943 767.572 629.283 0 0
944 768.327 629.694 0 0
945 769.028 630.121 0 0
946 769.74 630.595 0 0
947 770.526 631.094 0 0
948 771.361 631.5 0 0
949 772.058 631.915 0 0
950 772.77 632.391 0 0
951 773.562 632.916 0 0
952 774.407 633.316 0 0
953 775.096 633.735 0 0
954 775.803 634.229 0 0
955 776.603 634.715 0 0
956 777.463 635.21 0 0
957 778.141 635.67 0 0
958 778.842 636.095 0 0
959 779.653 636.529 0 0
960 780.533 637.017 0 0
961 781.195 637.544 0 0
962 781.886 637.966 0 0
963 782.711 638.402 0 0
964 783.514 638.903 0 0
965 784.334 638.996 0 0
966 785.101 639.213 0 0
967 785.81 639.425 0 0
968 786.527 639.874 0 0
969 787.321 640.446 0 0
970 788.17 640.903 0 0
971 788.874 641.395 0 0
972 789.594 641.919 0 0
973 790.398 642.425 0 0
974 791.253 642.884 0 0
975 791.948 643.327 0 0
976 792.662 643.81 0 0
977 793.471 644.356 0 0
978 794.343 644.836 0 0
979 795.03 645.329 0 0
980 795.741 645.844 0 0
981 796.565 646.364 0 0
982 797.461 646.866 0 0
983 798.138 647.348 0 0
984 798.845 647.839 0 0
985 799.689 648.363 0 0
986 800.529 648.911 0 0
987 801.384 649.439 0 0
988 802.171 649.929 0 0
989 802.897 650.411 0 0
990 803.648 650.936 0 0
991 804.503 651.511 0 0
992 805.434 652.019 0 0
993 806.162 652.537 0 0
994 806.918 653.085 0 0
995 807.806 653.65 0 0
996 808.797 654.199 0 0
997 809.522 654.719 0 0
998 810.289 655.236 0 0
999 811.225 655.789 0 0
