0	0	0	0	0
1	0.0010002	0.0010002	0.0010002	0.0010002
2	0.0060002	0.0060002	0.0060002	0.0060002
3	0.0310002	0.0125895	0.0124891	0.0124891
4	0.156	0.0187557	0.0182136	0.0182136
5	0.781	0.0243822	0.0240331	0.0240331
6	1.33079	0.0297451	0.0294188	0.0294188
7	1.92536	0.0349683	0.0346846	0.0346846
8	2.57316	0.040129	0.0398583	0.0398583
9	3.39151	0.0452637	0.0450013	0.0450013
10	4.4596	0.0503949	0.0501343	0.0501343
11	5.83334	0.0555433	0.0552808	0.0552808
12	7.57363	0.0607422	0.0604724	0.0604724
13	9.33326	0.0660568	0.0657715	0.0657715
14	10.3454	0.0716133	0.0712987	0.0712987
15	11.5634	0.0776233	0.0772602	0.0772602
16	13.0391	0.0843888	0.0839545	0.0839545
17	14.0904	0.0923081	0.0917749	0.0917749
18	15.2321	0.101938	0.101268	0.101268
19	16.5869	0.114158	0.11329	0.11329
20	17.8048	0.130521	0.129344	0.129344
21	19.0675	0.153905	0.151645	0.151645
22	20.3256	0.178186	0.170409	0.170409
23	21.5302	0.199747	0.189609	0.189609
24	22.6979	0.222259	0.209885	0.209885
25	23.8972	0.244804	0.230409	0.230409
26	25.1709	0.26642	0.25054	0.25054
27	26.4721	0.287352	0.270485	0.270485
28	27.7071	0.308783	0.290725	0.290725
29	28.8592	0.331464	0.311331	0.311331
30	30.0155	0.354631	0.332011	0.332011
31	31.2736	0.37678	0.352582	0.352582
32	32.6204	0.397643	0.373154	0.373154
33	33.7659	0.418585	0.393911	0.393911
34	34.9353	0.441113	0.414857	0.414857
35	36.2124	0.464967	0.435855	0.435855
36	37.5561	0.487997	0.456824	0.456824
37	38.6786	0.508927	0.477823	0.477823
38	39.8236	0.529078	0.498948	0.498948
39	41.1011	0.550916	0.520201	0.520201
40	42.471	0.575322	0.541501	0.541501
41	43.5593	0.596616	0.562791	0.562791
42	44.685	0.618501	0.584108	0.584108
43	45.9783	0.64121	0.605518	0.605518
44	47.3771	0.663944	0.627029	0.627029
45	48.4109	0.685752	0.648582	0.648582
46	49.4965	0.706805	0.670129	0.670129
47	50.8069	0.728298	0.69169	0.69169
48	51.3638	0.751116	0.713323	0.713323
49	51.7545	0.774582	0.735043	0.735043
50	52.1093	0.796993	0.756805	0.756805
51	52.8314	0.817859	0.778558	0.778558
52	53.6657	0.838621	0.80031	0.80031
53	54.8902	0.861125	0.822116	0.822116
54	56.573	0.885385	0.844004	0.844004
55	57.4563	0.906352	0.865938	0.865938
56	58.5041	0.927728	0.887861	0.887861
57	59.9282	0.950747	0.909766	0.909766
58	61.0683	0.974744	0.931706	0.931706
59	62.3208	0.997537	0.953727	0.953727
60	63.5942	1.01831	0.975805	0.975805
61	64.6195	1.03874	0.997874	0.997874
62	65.664	1.06122	1.0199	1.0199
63	66.878	1.08608	1.04195	1.04195
64	68.2247	1.10697	1.06407	1.06407
65	69.1929	1.12852	1.08627	1.08627
66	70.2219	1.15195	1.10847	1.10847
67	71.4722	1.17625	1.13061	1.13061
68	72.637	1.19896	1.15274	1.15274
69	73.8467	1.2195	1.17493	1.17493
70	74.9917	1.23995	1.19708	1.19708
71	76.0302	1.26289	1.21906	1.21906
72	77.0454	1.2883	1.24099	1.24099
73	78.1562	1.30869	1.2631	1.2631
74	79.3803	1.3299	1.28543	1.28543
75	80.4	1.35381	1.30777	1.30777
76	81.4542	1.37915	1.32986	1.32986
77	82.6008	1.39888	1.35177	1.35177
78	83.6585	1.41928	1.37381	1.37381
79	84.7339	1.44332	1.39622	1.39622
80	85.8065	1.46998	1.4188	1.4188
81	86.8543	1.48891	1.44109	1.44109
82	87.8831	1.50904	1.46297	1.46297
83	88.9214	1.53391	1.48485	1.48485
84	89.9866	1.5577	1.50724	1.50724
85	91.0623	1.58234	1.53008	1.53008
86	92.1167	1.60287	1.55271	1.55271
87	93.1428	1.62371	1.57465	1.57465
88	94.17	1.64729	1.59627	1.59627
89	95.2341	1.67302	1.61844	1.61844
90	96.3341	1.69312	1.6415	1.6415
91	97.4209	1.71404	1.66466	1.66466
92	98.4461	1.7383	1.68686	1.68686
93	99.4094	1.76462	1.70818	1.70818
94	100.383	1.7839	1.72986	1.72986
95	101.434	1.80417	1.75293	1.75293
96	102.538	1.8289	1.7768	1.7768
97	103.478	1.85304	1.79964	1.79964
98	104.433	1.87787	1.82077	1.82077
99	105.479	1.89832	1.84165	1.84165
100	106.585	1.9191	1.86429	1.86429
101	107.495	1.94288	1.88891	1.88891
102	108.428	1.9691	1.91019	1.91019
103	109.474	1.98904	1.93193	1.93193
104	110.594	2.00996	1.95524	1.95524
105	111.467	2.03459	1.97938	1.97938
106	112.373	2.05839	2.00228	2.00228
107	113.427	2.08271	2.02331	2.02331
108	114.459	2.10558	2.04414	2.04414
109	115.508	2.12676	2.067	2.067
110	116.483	2.1481	2.09202	2.09202
111	117.378	2.17161	2.11308	2.11308
112	118.282	2.19695	2.13473	2.13473
113	119.287	2.21794	2.15837	2.15837
114	119.967	2.23951	2.18304	2.18304
115	120.623	2.26353	2.20377	2.20377
116	120.938	2.28908	2.22483	2.22483
117	122.127	2.3096	2.24839	2.24839
118	123.201	2.33073	2.27386	2.27386
119	124.432	2.35499	2.29422	2.29422
120	125.66	2.38143	2.31527	2.31527
121	126.449	2.4013	2.33937	2.33937
122	127.335	2.42212	2.36538	2.36538
123	128.439	2.44699	2.38506	2.38506
124	129.369	2.47122	2.4056	2.4056
125	130.359	2.49603	2.43013	2.43013
126	131.367	2.51905	2.45421	2.45421
127	132.312	2.54005	2.47883	2.47883
128	133.186	2.5613	2.50153	2.50153
129	134.067	2.58521	2.52219	2.52219
130	135.038	2.61128	2.54319	2.54319
131	136.081	2.63192	2.56698	2.56698
132	136.938	2.65335	2.59295	2.59295
133	137.82	2.67796	2.61315	2.61315
134	138.807	2.70448	2.6342	2.6342
135	139.858	2.72436	2.65867	2.65867
136	140.687	2.74515	2.68257	2.68257
137	141.544	2.77015	2.70686	2.70686
138	142.539	2.79472	2.72966	2.72966
139	143.628	2.81987	2.75085	2.75085
140	144.422	2.84297	2.77234	2.77234
141	145.26	2.86386	2.79604	2.79604
142	146.28	2.88511	2.82141	2.82141
143	147.265	2.90933	2.84233	2.84233
144	148.28	2.93592	2.8638	2.8638
145	149.218	2.95631	2.88788	2.88788
146	150.065	2.97765	2.91367	2.91367
147	150.916	3.00267	2.9341	2.9341
148	151.88	3.02694	2.95522	2.95522
149	152.946	3.05169	2.97965	2.97965
150	153.777	3.07494	3.00632	3.00632
151	154.646	3.09649	3.02601	3.02601
152	155.647	3.11826	3.04671	3.04671
153	156.615	3.14227	3.07175	3.07175
154	157.598	3.16809	3.09608	3.09608
155	158.533	3.18942	3.12107	3.12107
156	159.41	3.21132	3.14417	3.14417
157	160.294	3.2358	3.16511	3.16511
158	161.253	3.26192	3.18625	3.18625
159	162.272	3.28275	3.21019	3.21019
160	163.147	3.30424	3.23651	3.23651
161	164.036	3.32902	3.25705	3.25705
162	165.006	3.35605	3.27849	3.27849
163	166.031	3.37617	3.30326	3.30326
164	166.897	3.3973	3.32732	3.32732
165	167.78	3.4227	3.35177	3.35177
166	168.756	3.44741	3.37488	3.37488
167	169.8	3.47276	3.3965	3.3965
168	170.655	3.49623	3.41836	3.41836
169	171.532	3.51757	3.44223	3.44223
170	172.524	3.53914	3.46765	3.46765
171	173.592	3.56347	3.4891	3.4891
172	174.425	3.59013	3.51099	3.51099
173	175.291	3.6111	3.53515	3.53515
174	176.301	3.63292	3.56085	3.56085
175	177.408	3.65805	3.58196	3.58196
176	178.211	3.68514	3.6036	3.6036
177	179.058	3.70529	3.62802	3.62802
178	180.096	3.72639	3.65435	3.65435
179	181.102	3.75191	3.67492	3.67492
180	182.14	3.77697	3.69628	3.69628
181	182.999	3.80266	3.72117	3.72117
182	183.872	3.82621	3.74839	3.74839
183	184.866	3.84743	3.76813	3.76813
184	185.959	3.86899	3.78897	3.78897
185	186.801	3.89367	3.81448	3.81448
186	187.682	3.92086	3.83919	3.83919
187	188.711	3.94156	3.86467	3.86467
188	189.711	3.96327	3.88577	3.88577
189	190.73	3.98882	3.9072	3.9072
190	191.688	4.01351	3.93159	3.93159
191	192.578	4.03874	3.95837	3.95837
192	193.479	4.06247	3.97899	3.97899
193	194.473	4.08444	4.00054	4.00054
194	195.539	4.10658	4.02574	4.02574
195	196.421	4.13098	4.05019	4.05019
196	197.327	4.15728	4.07511	4.07511
197	198.339	4.17905	4.09855	4.09855
198	199.421	4.20141	4.1203	4.1203
199	200.286	4.22634	4.14229	4.14229
200	201.179	4.25286	4.1665	4.1665
201	202.207	4.27414	4.19248	4.19248
202	203.328	4.29606	4.21402	4.21402
203	204.166	4.32124	4.23611	4.23611
204	205.046	4.34869	4.26076	4.26076
205	206.103	4.36928	4.28705	4.28705
206	207.136	4.39087	4.3081	4.3081
207	208.194	4.41668	4.3298	4.3298
208	209.172	4.44183	4.35474	4.35474
209	210.063	4.46758	4.3819	4.3819
210	210.969	4.49147	4.40226	4.40226
211	211.998	4.51325	4.4236	4.4236
212	213.127	4.53529	4.44915	4.44915
213	214.011	4.56009	4.47404	4.47404
214	214.933	4.58715	4.49954	4.49954
215	216.005	4.60856	4.52317	4.52317
216	217.021	4.6308	4.5447	4.5447
217	218.051	4.65634	4.56648	4.56648
218	219.02	4.68387	4.59102	4.59102
219	219.984	4.70449	4.61784	4.61784
220	220.97	4.72604	4.63897	4.63897
221	221.998	4.75199	4.66095	4.66095
222	223.093	4.77749	4.68624	4.68624
223	224.282	4.8036	4.71352	4.71352
224	225.427	4.82757	4.73385	4.73385
225	226.614	4.84924	4.75513	4.75513
226	227.548	4.87127	4.78083	4.78083
227	228.51	4.8964	4.80605	4.80605
228	229.656	4.92401	4.8319	4.8319
229	230.95	4.94516	4.85562	4.85562
230	231.842	4.9673	4.87702	4.87702
231	232.81	4.99327	4.89877	4.89877
232	233.863	5.01845	4.92361	4.92361
233	234.756	5.04414	4.95094	4.95094
234	235.54	5.06828	4.97183	4.97183
235	236.254	5.09064	4.99371	4.99371
236	236.985	5.11322	5.01941	5.01941
237	237.657	5.13813	5.04427	5.04427
238	238.306	5.16493	5.06966	5.06966
239	238.949	5.18706	5.09353	5.09353
240	239.597	5.2098	5.11566	5.11566
241	240.253	5.23521	5.13797	5.13797
242	240.919	5.26231	5.16256	5.16256
243	241.595	5.28393	5.18901	5.18901
244	242.282	5.30623	5.21093	5.21093
245	242.978	5.33194	5.23343	5.23343
246	243.682	5.35999	5.25851	5.25851
247	244.395	5.38088	5.28521	5.28521
248	245.114	5.40281	5.30664	5.30664
249	245.839	5.42917	5.3287	5.3287
250	246.569	5.45481	5.35405	5.35405
251	247.303	5.48111	5.38167	5.38167
252	248.038	5.50548	5.40239	5.40239
253	248.775	5.52763	5.42411	5.42411
254	249.513	5.55002	5.45009	5.45009
255	250.251	5.57528	5.47539	5.47539
256	250.987	5.60294	5.50131	5.50131
257	251.723	5.62471	5.52534	5.52534
258	252.457	5.64736	5.54725	5.54725
259	253.189	5.67343	5.56943	5.56943
260	253.919	5.70155	5.59438	5.59438
261	254.647	5.72247	5.62161	5.62161
262	255.374	5.74438	5.64314	5.64314
263	256.098	5.77087	5.66551	5.66551
264	256.82	5.79687	5.6912	5.6912
265	257.54	5.82354	5.7189	5.7189
266	258.259	5.84798	5.73962	5.73962
267	258.975	5.87001	5.7613	5.7613
268	259.691	5.8924	5.78741	5.78741
269	260.405	5.91802	5.81304	5.81304
270	261.117	5.94624	5.8393	5.8393
271	261.826	5.96774	5.86341	5.86341
272	262.535	5.99027	5.8852	5.8852
273	263.244	6.01679	5.90735	5.90735
274	263.953	6.04243	5.93261	5.93261
275	264.66	6.06862	5.96037	5.96037
276	265.364	6.09325	5.98164	5.98164
277	266.067	6.11605	6.0039	6.0039
278	266.772	6.13904	6.03	6.03
279	267.479	6.16439	6.0553	6.0553
280	268.184	6.19169	6.08112	6.08112
281	268.885	6.21429	6.10538	6.10538
282	269.585	6.2375	6.12787	6.12787
283	270.288	6.26338	6.15058	6.15058
284	270.994	6.29093	6.1756	6.1756
285	271.701	6.31302	6.20251	6.20251
286	272.403	6.33577	6.22477	6.22477
287	273.102	6.36192	6.24764	6.24764
288	273.802	6.39044	6.27315	6.27315
289	274.509	6.41181	6.30035	6.30035
290	275.222	6.43421	6.32211	6.32211
291	275.93	6.46103	6.34453	6.34453
292	276.63	6.48714	6.37034	6.37034
293	277.328	6.5139	6.39848	6.39848
294	278.037	6.5387	6.41949	6.41949
295	278.757	6.56132	6.44155	6.44155
296	279.477	6.5842	6.468	6.468
297	280.184	6.60995	6.49375	6.49375
298	280.881	6.63807	6.52014	6.52014
299	281.587	6.66029	6.5446	6.5446
300	282.315	6.68339	6.56686	6.56686
301	283.055	6.70992	6.58937	6.58937
302	283.779	6.73852	6.61474	6.61474
303	284.477	6.75992	6.64248	6.64248
304	285.168	6.7823	6.66435	6.66435
305	285.891	6.80925	6.6871	6.6871
306	286.657	6.83574	6.71326	6.71326
307	287.426	6.86287	6.74146	6.74146
308	288.145	6.88777	6.76249	6.76249
309	288.822	6.91026	6.78451	6.78451
310	289.329	6.93314	6.81108	6.81108
311	289.616	6.95925	6.83717	6.83717
312	289.693	6.98794	6.86391	6.86391
313	289.979	7.0099	6.88844	6.88844
314	290.239	7.03289	6.91056	6.91056
315	290.802	7.05987	6.93306	6.93306
316	291.479	7.08602	6.95876	6.95876
317	292.371	7.11271	6.98704	6.98704
318	293.059	7.13779	7.00863	7.00863
319	293.805	7.16102	7.03126	7.03126
320	294.621	7.18448	7.05784	7.05784
321	295.427	7.21035	7.08356	7.08356
322	296.153	7.23819	7.10983	7.10983
323	296.835	7.26119	7.13453	7.13453
324	297.569	7.28481	7.15741	7.15741
325	298.413	7.31121	7.18048	7.18048
326	299.193	7.33936	7.20591	7.20591
327	299.99	7.36182	7.23328	7.23328
328	300.787	7.38499	7.25594	7.25594
329	301.572	7.4117	7.27921	7.27921
330	302.354	7.44084	7.30517	7.30517
331	303.155	7.46255	7.3328	7.3328
332	303.984	7.48534	7.35495	7.35495
333	304.399	7.51273	7.37776	7.37776
334	304.666	7.53937	7.40399	7.40399
335	304.99	7.56669	7.43258	7.43258
336	305.285	7.592	7.45399	7.45399
337	306.302	7.61502	7.47645	7.47645
338	307.12	7.63829	7.50334	7.50334
339	308.018	7.66454	7.52951	7.52951
340	308.936	7.69328	7.55633	7.55633
341	309.784	7.7159	7.5812	7.5812
342	310.568	7.73944	7.60386	7.60386
343	311.382	7.76653	7.62678	7.62678
344	312.309	7.79574	7.65258	7.65258
345	313.305	7.8175	7.68077	7.68077
346	314.12	7.84027	7.70304	7.70304
347	314.953	7.86779	7.72618	7.72618
348	315.904	7.89481	7.75276	7.75276
349	316.94	7.92252	7.78142	7.78142
350	317.804	7.94792	7.80285	7.80285
351	318.687	7.97082	7.82527	7.82527
352	319.674	7.9941	7.85228	7.85228
353	320.73	8.02072	7.87881	7.87881
354	321.741	8.05005	7.90599	7.90599
355	322.673	8.07239	7.93093	7.93093
356	323.611	8.09582	7.95345	7.95345
357	324.646	8.12337	7.97636	7.97636
358	325.751	8.15003	8.0025	8.0025
359	326.828	8.17725	8.03124	8.03124
360	327.85	8.20285	8.05322	8.05322
361	328.884	8.22655	8.07624	8.07624
362	329.992	8.25045	8.10326	8.10326
363	331.145	8.2768	8.12944	8.12944
364	332.285	8.30518	8.15615	8.15615
365	333.414	8.32867	8.18127	8.18127
366	334.57	8.35279	8.20453	8.20453
367	335.765	8.3797	8.22801	8.22801
368	336.982	8.40835	8.25389	8.25389
369	338.209	8.43131	8.28175	8.28175
370	339.454	8.45495	8.30478	8.30478
371	340.724	8.48215	8.32843	8.32843
372	341.746	8.51181	8.35484	8.35484
373	342.811	8.53401	8.38299	8.38299
374	344	8.5573	8.40549	8.40549
375	345.25	8.58519	8.42868	8.42868
376	346.264	8.61234	8.45539	8.45539
377	347.301	8.64016	8.48451	8.48451
378	348.493	8.66596	8.50625	8.50625
379	349.809	8.68947	8.52907	8.52907
380	350.818	8.71325	8.55645	8.55645
381	351.872	8.74002	8.58309	8.58309
382	353.109	8.76927	8.6104	8.6104
383	354.467	8.79238	8.63571	8.63571
384	355.454	8.81639	8.65875	8.65875
385	356.492	8.84398	8.68204	8.68204
386	357.763	8.87373	8.70829	8.70829
387	359.02	8.89598	8.737	8.737
388	360.309	8.91924	8.75963	8.75963
389	361.484	8.94728	8.78317	8.78317
390	362.544	8.97483	8.81024	8.81024
391	363.632	9.00305	8.83942	8.83942
392	363.797	9.02894	8.86119	8.86119
393	363.993	9.05233	8.88397	8.88397
394	364.038	9.07612	8.91147	8.91147
395	364.08	9.10327	8.93847	8.93847
396	364.286	9.13312	8.96615	8.96615
397	364.649	9.15596	8.99153	8.99153
398	364.942	9.17986	9.01443	9.01443
399	364.998	9.20793	9.03771	9.03771
400	365.048	9.23514	9.06431	9.06431
401	365.094	9.2629	9.09359	9.09359
402	365.325	9.28899	9.11593	9.11593
403	366.476	9.31315	9.13934	9.13934
404	368.999	9.33754	9.16686	9.16686
405	370.057	9.36446	9.19348	9.19348
406	371.471	9.39342	9.22067	9.22067
407	372.714	9.41734	9.24624	9.24624
408	374.044	9.44192	9.26991	9.26991
409	375.187	9.46938	9.29379	9.29379
410	376.35	9.49866	9.32011	9.32011
411	377.616	9.52203	9.34845	9.34845
412	378.953	9.54614	9.3719	9.3719
413	380.225	9.57392	9.39599	9.39599
414	381.369	9.60423	9.42286	9.42286
415	382.484	9.62682	9.45147	9.45147
416	383.718	9.65053	9.47438	9.47438
417	385.107	9.67903	9.49799	9.49799
418	386.269	9.70674	9.52515	9.52515
419	387.472	9.73517	9.55476	9.55476
420	388.776	9.7615	9.57691	9.57691
421	390.118	9.78545	9.60015	9.60015
422	391.369	9.80967	9.628	9.628
423	392.511	9.83699	9.65509	9.65509
424	393.658	9.86689	9.68286	9.68286
425	394.941	9.89042	9.70861	9.70861
426	396.342	9.91492	9.73207	9.73207
427	397.469	9.9431	9.75579	9.75579
428	398.635	9.9735	9.7825	9.7825
429	399.955	9.99614	9.81169	9.81169
430	401.363	10.0198	9.83474	9.83474
431	402.448	10.0485	9.8587	9.8587
432	403.574	10.0766	9.88623	9.88623
433	404.902	10.1054	9.91591	9.91591
434	406.212	10.1319	9.93809	9.93809
435	407.547	10.1557	9.96129	9.96129
436	408.776	10.1799	9.98926	9.98926
437	409.895	10.2076	10.0167	10.0167
438	411.031	10.2382	10.0449	10.0449
439	412.312	10.2614	10.0707	10.0707
440	413.702	10.2858	10.094	10.094
441	414.782	10.3145	10.1177	10.1177
442	415.906	10.3422	10.1448	10.1448
443	417.211	10.3706	10.1746	10.1746
444	418.472	10.3972	10.1973	10.1973
445	419.757	10.4219	10.2212	10.2212
446	420.967	10.4467	10.2491	10.2491
447	422.088	10.4742	10.2763	10.2763
448	423.211	10.5037	10.3039	10.3039
449	424.436	10.5282	10.3299	10.3299
450	425.749	10.5533	10.354	10.354
451	426.845	10.5813	10.3783	10.3783
452	427.968	10.6111	10.4051	10.4051
453	429.207	10.635	10.434	10.434
454	430.513	10.6596	10.4578	10.4578
455	431.569	10.688	10.4823	10.4823
456	432.652	10.7188	10.5097	10.5097
457	433.888	10.7419	10.5388	10.5388
458	435.229	10.7662	10.5621	10.5621
459	436.247	10.7952	10.5862	10.5862
460	437.31	10.8235	10.6138	10.6138
461	438.568	10.8525	10.644	10.644
462	439.821	10.8793	10.6665	10.6665
463	441.014	10.9038	10.6901	10.6901
464	442.179	10.9286	10.7185	10.7185
465	443.329	10.9564	10.7461	10.7461
466	444.503	10.9869	10.7744	10.7744
467	445.712	11.011	10.8006	10.8006
468	446.925	11.036	10.8244	10.8244
469	448.093	11.0647	10.8486	10.8486
470	449.2	11.0957	10.8758	10.8758
471	450.304	11.1189	10.9055	10.9055
472	451.474	11.1431	10.9289	10.9289
473	452.713	11.1723	10.9533	10.9533
474	453.951	11.201	10.9814	10.9814
475	455.143	11.2304	11.0116	11.0116
476	456.329	11.2573	11.0342	11.0342
477	457.591	11.2817	11.0578	11.0578
478	458.958	11.3065	11.0862	11.0862
479	460.351	11.3347	11.1142	11.1142
480	461.495	11.3658	11.1429	11.1429
481	462.659	11.3896	11.1692	11.1692
482	463.96	11.4145	11.1929	11.1929
483	465.105	11.4438	11.217	11.217
484	466.285	11.4721	11.2446	11.2446
485	467.477	11.501	11.2749	11.2749
486	468.618	11.5282	11.2981	11.2981
487	469.687	11.5534	11.3223	11.3223
488	470.735	11.5788	11.3508	11.3508
489	471.832	11.6068	11.3784	11.3784
490	472.984	11.637	11.4066	11.4066
491	474.109	11.6619	11.4331	11.4331
492	475.139	11.6875	11.4576	11.4576
493	476.113	11.7161	11.4823	11.4823
494	477.134	11.7466	11.5096	11.5096
495	478.258	11.771	11.539	11.539
496	479.405	11.7961	11.5633	11.5633
497	480.322	11.825	11.5882	11.5882
498	481.258	11.8566	11.6161	11.6161
499	482.346	11.8801	11.6457	11.6457
500	483.552	11.9049	11.6695	11.6695
501	484.423	11.9345	11.694	11.694
502	484.991	11.9634	11.7221	11.7221
503	485.733	11.993	11.7528	11.7528
504	485.991	12.0205	11.7757	11.7757
505	486.974	12.0454	11.7998	11.7998
506	487.874	12.0707	11.8287	11.8287
507	490.223	12.0991	11.8568	11.8568
508	491.226	12.1303	11.8856	11.8856
509	492.171	12.1548	11.9122	11.9122
510	493.125	12.1803	11.9365	11.9365
511	494.166	12.2097	11.9611	11.9611
512	495.283	12.2414	11.9888	11.9888
513	496.203	12.265	12.0191	12.0191
514	496.922	12.2897	12.043	12.043
515	497.581	12.3195	12.0678	12.0678
516	498.261	12.3489	12.0963	12.0963
517	498.897	12.3789	12.1271	12.1271
518	499.533	12.4065	12.1501	12.1501
519	500.186	12.4313	12.1741	12.1741
520	500.861	12.4566	12.2031	12.2031
521	501.558	12.4854	12.2316	12.2316
522	502.273	12.5172	12.2608	12.2608
523	503.002	12.5415	12.2875	12.2875
524	503.742	12.5669	12.3117	12.3117
525	504.492	12.5968	12.3363	12.3363
526	505.25	12.6257	12.3644	12.3644
527	506.015	12.6553	12.3952	12.3952
528	506.786	12.683	12.4188	12.4188
529	507.562	12.7087	12.4435	12.4435
530	508.34	12.7347	12.4725	12.4725
531	509.12	12.7633	12.5006	12.5006
532	509.899	12.7941	12.5293	12.5293
533	510.678	12.8196	12.5563	12.5563
534	511.452	12.8457	12.5813	12.5813
535	512.225	12.875	12.6065	12.6065
536	512.996	12.9061	12.6343	12.6343
537	513.763	12.931	12.6642	12.6642
538	514.523	12.9566	12.6889	12.6889
539	515.276	12.9862	12.7143	12.7143
540	516.025	13.0184	12.7427	12.7427
541	516.77	13.0425	12.7729	12.7729
542	517.51	13.0677	12.797	12.797
543	518.243	13.098	12.822	12.822
544	518.97	13.1275	12.8506	12.8506
545	519.691	13.1577	12.8819	12.8819
546	520.41	13.1857	12.9053	12.9053
547	521.126	13.2113	12.9298	12.9298
548	521.835	13.2371	12.9592	12.9592
549	522.538	13.2661	12.9878	12.9878
550	523.235	13.2979	13.0171	13.0171
551	523.931	13.323	13.0443	13.0443
552	524.626	13.3491	13.0691	13.0691
553	525.316	13.3791	13.0941	13.0941
554	526	13.4114	13.1223	13.1223
555	526.676	13.4355	13.1531	13.1531
556	527.351	13.4608	13.1774	13.1774
557	528.029	13.4913	13.2027	13.2027
558	528.705	13.5212	13.2318	13.2318
559	529.374	13.5519	13.2632	13.2632
560	530.033	13.58	13.2866	13.2866
561	530.688	13.6054	13.311	13.311
562	531.349	13.6312	13.3406	13.3406
563	532.014	13.6607	13.3696	13.3696
564	532.673	13.6932	13.3993	13.3993
565	533.319	13.718	13.4266	13.4266
566	533.954	13.7439	13.4512	13.4512
567	534.595	13.7745	13.4762	13.4762
568	535.25	13.804	13.5048	13.5048
569	535.906	13.8342	13.5363	13.5363
570	536.543	13.8626	13.5603	13.5603
571	537.16	13.8888	13.5854	13.5854
572	537.778	13.9153	13.615	13.615
573	538.418	13.9446	13.6436	13.6436
574	539.075	13.976	13.6729	13.6729
575	539.715	14.0021	13.7003	13.7003
576	540.318	14.0288	13.7258	13.7258
577	540.907	14.0586	13.7515	13.7515
578	541.523	14.0905	13.7798	13.7798
579	542.181	14.1159	13.8102	13.8102
580	542.837	14.1421	13.8354	13.8354
581	543.44	14.1723	13.8613	13.8613
582	543.998	14.2052	13.8902	13.8902
583	544.575	14.2298	13.921	13.921
584	545.222	14.2556	13.9456	13.9456
585	545.909	14.2866	13.971	13.971
586	546.437	14.3167	14.0002	14.0002
587	546.985	14.3476	14.0321	14.0321
588	547.635	14.3762	14.0559	14.0559
589	548.273	14.4023	14.0808	14.0808
590	548.925	14.4286	14.1108	14.1108
591	549.462	14.4584	14.1399	14.1399
592	550.008	14.4909	14.1698	14.1698
593	550.631	14.5165	14.1975	14.1975
594	551.318	14.5431	14.2227	14.2227
595	551.83	14.5738	14.2482	14.2482
596	552.37	14.6068	14.277	14.277
597	553.013	14.6315	14.3084	14.3084
598	553.625	14.6573	14.3332	14.3332
599	554.255	14.6884	14.3589	14.3589
600	554.847	14.719	14.3885	14.3885
601	555.386	14.7504	14.4205	14.4205
602	555.922	14.7791	14.4443	14.4443
603	556.513	14.8051	14.4693	14.4693
604	557.163	14.8314	14.4994	14.4994
605	557.693	14.8616	14.5289	14.5289
606	558.242	14.8948	14.5592	14.5592
607	558.853	14.9201	14.587	14.587
608	559.49	14.9467	14.6121	14.6121
609	559.999	14.9779	14.6376	14.6376
610	560.522	15.0081	14.6667	14.6667
611	561.128	15.0389	14.6988	14.6988
612	561.797	15.0679	14.7233	14.7233
613	562.28	15.0948	14.7489	14.7489
614	562.793	15.1218	14.779	14.779
615	563.418	15.1517	14.8082	14.8082
616	564.012	15.1839	14.838	14.838
617	564.627	15.2105	14.866	14.866
618	565.142	15.2378	14.8919	14.8919
619	565.665	15.2683	14.9181	14.9181
620	566.253	15.3008	14.9469	14.9469
621	566.89	15.3268	14.978	14.978
622	567.388	15.3536	15.0036	15.0036
623	567.906	15.3845	15.03	15.03
624	568.507	15.4181	15.0594	15.0594
625	569.091	15.4433	15.0908	15.0908
626	569.686	15.4697	15.1159	15.1159
627	570.244	15.5013	15.1418	15.1418
628	570.759	15.5321	15.1715	15.1715
629	571.279	15.5637	15.204	15.204
630	571.853	15.593	15.2283	15.2283
631	572.47	15.6196	15.2537	15.2537
632	572.975	15.6466	15.2843	15.2843
633	573.495	15.6769	15.314	15.314
634	574.079	15.7102	15.3444	15.3444
635	574.702	15.7363	15.3727	15.3727
636	575.188	15.7636	15.3983	15.3983
637	575.692	15.7949	15.4243	15.4243
638	576.282	15.8287	15.4536	15.4536
639	576.865	15.8539	15.4856	15.4856
640	577.458	15.8803	15.5109	15.5109
641	578.004	15.9121	15.5372	15.5372
642	578.503	15.9434	15.5674	15.5674
643	579.011	15.9755	15.5999	15.5999
644	579.584	16.0049	15.6242	15.6242
645	580.208	16.0314	15.6496	15.6496
646	580.691	16.0584	15.6803	15.6803
647	581.195	16.0892	15.7104	15.7104
648	581.782	16.1231	15.7413	15.7413
649	582.355	16.149	15.7697	15.7697
650	582.938	16.1762	15.7952	15.7952
651	583.484	16.2081	15.8212	15.8212
652	583.987	16.239	15.8509	15.8509
653	584.495	16.2705	15.8836	15.8836
654	585.059	16.3001	15.9085	15.9085
655	585.668	16.3276	15.9347	15.9347
656	586.161	16.3553	15.9654	15.9654
657	586.671	16.3858	15.9951	15.9951
658	587.247	16.4187	16.0255	16.0255
659	587.865	16.4459	16.054	16.054
660	588.34	16.4739	16.0804	16.0804
661	588.834	16.5051	16.1071	16.1071
662	589.418	16.5383	16.1365	16.1365
663	589.995	16.5649	16.1682	16.1682
664	590.584	16.5923	16.1943	16.1943
665	591.124	16.6239	16.2212	16.2212
666	591.615	16.6583	16.2513	16.2513
667	592.115	16.684	16.2832	16.2832
668	592.684	16.711	16.3088	16.3088
669	593.307	16.7433	16.3352	16.3352
670	593.783	16.7749	16.3655	16.3655
671	594.282	16.8072	16.3986	16.3986
672	594.868	16.8371	16.4234	16.4234
673	595.438	16.8643	16.4493	16.4493
674	596.02	16.8919	16.4804	16.4804
675	596.563	16.923	16.5107	16.5107
676	597.063	16.957	16.5418	16.5418
677	597.568	16.9837	16.5705	16.5705
678	598.13	17.0116	16.5967	16.5967
679	598.741	17.0436	16.6232	16.6232
680	599.232	17.0782	16.6531	16.6531
681	599.741	17.104	16.6857	16.6857
682	600.319	17.1309	16.7115	16.7115
683	600.939	17.1635	16.7383	16.7383
684	601.413	17.1955	16.7691	16.7691
685	601.906	17.2283	16.8023	16.8023
686	602.494	17.2584	16.827	16.827
687	603.075	17.2855	16.853	16.853
688	603.669	17.3131	16.8842	16.8842
689	604.211	17.3447	16.915	16.915
690	604.701	17.3794	16.9465	16.9465
691	605.202	17.4059	16.9753	16.9753
692	605.777	17.4336	17.0014	17.0014
693	606.411	17.4663	17.0279	17.0279
694	606.886	17.4979	17.0582	17.0582
695	607.386	17.5301	17.0915	17.0915
696	607.982	17.5605	17.1169	17.1169
697	608.561	17.5885	17.1436	17.1436
698	609.154	17.6169	17.1749	17.1749
699	609.705	17.6481	17.2052	17.2052
700	610.206	17.6818	17.2362	17.2362
701	610.713	17.7096	17.2653	17.2653
702	611.284	17.7382	17.2922	17.2922
703	611.912	17.7701	17.3194	17.3194
704	612.406	17.8041	17.3494	17.3494
705	612.921	17.8313	17.3817	17.3817
706	613.514	17.8594	17.4084	17.4084
707	614.156	17.8917	17.4358	17.4358
708	614.628	17.9269	17.4664	17.4664
709	615.124	17.9532	17.499	17.499
710	615.73	17.9808	17.5251	17.5251
711	616.331	18.0139	17.552	17.552
712	616.947	18.0461	17.583	17.583
713	617.437	18.0792	17.6167	17.6167
714	617.939	18.1098	17.642	17.642
715	618.53	18.1377	17.6684	17.6684
716	619.202	18.1659	17.7002	17.7002
717	619.674	18.1977	17.7311	17.7311
718	620.181	18.2325	17.7627	17.7627
719	620.807	18.2599	17.7921	17.7921
720	621.402	18.2884	17.8188	17.8188
721	622.021	18.3212	17.8458	17.8458
722	622.533	18.3565	17.8763	17.8763
723	623.055	18.3829	17.9096	17.9096
724	623.648	18.4105	17.9358	17.9358
725	624.302	18.4439	17.9631	17.9631
726	624.804	18.4766	17.9946	17.9946
727	625.33	18.5102	18.0284	18.0284
728	625.948	18.5409	18.0537	18.0537
729	626.554	18.5687	18.0801	18.0801
730	627.171	18.597	18.112	18.112
731	627.744	18.6292	18.1434	18.1434
732	628.27	18.6648	18.1755	18.1755
733	628.806	18.6919	18.205	18.205
734	629.411	18.7203	18.2315	18.2315
735	630.073	18.7537	18.2586	18.2586
736	630.59	18.786	18.2895	18.2895
737	631.129	18.8191	18.3235	18.3235
738	631.756	18.8501	18.3494	18.3494
739	632.444	18.8788	18.3766	18.3766
740	632.941	18.9078	18.4085	18.4085
741	633.466	18.9398	18.4395	18.4395
742	634.115	18.9743	18.4711	18.4711
743	634.757	19.0028	18.5007	18.5007
744	635.35	19.032	18.5282	18.5282
745	635.952	19.0647	18.556	18.556
746	636.558	19.0995	18.5866	18.5866
747	637.156	19.1274	18.6195	18.6195
748	637.745	19.156	18.6467	18.6467
749	638.339	19.1891	18.6747	18.6747
750	638.95	19.2252	18.7059	18.7059
751	639.573	19.2521	18.7392	18.7392
752	640.189	19.2803	18.7658	18.7658
753	640.785	19.3142	18.7933	18.7933
754	641.376	19.3473	18.8248	18.8248
755	641.989	19.3811	18.8593	18.8593
756	642.631	19.4125	18.885	18.885
757	643.274	19.441	18.912	18.912
758	643.886	19.4699	18.9444	18.9444
759	644.472	19.5024	18.9759	18.9759
760	645.075	19.538	19.0082	19.0082
761	645.73	19.5661	19.0382	19.0382
762	646.415	19.5952	19.0654	19.0654
763	647.061	19.6288	19.093	19.093
764	647.646	19.6651	19.1241	19.1241
765	648.224	19.6921	19.1581	19.1581
766	648.872	19.7203	19.1849	19.1849
767	649.605	19.7544	19.2127	19.2127
768	650.2	19.788	19.2448	19.2448
769	650.822	19.8224	19.2793	19.2793
770	651.513	19.8539	19.3051	19.3051
771	652.242	19.8823	19.3321	19.3321
772	652.83	19.9112	19.3647	19.3647
773	653.432	19.9443	19.3966	19.3966
774	654.132	19.9807	19.4294	19.4294
775	654.489	20.0084	19.4595	19.4595
776	654.676	20.0375	19.4866	19.4866
777	654.903	20.0717	19.5142	19.5142
778	655.122	20.1048	19.5457	19.5457
779	655.592	20.1386	19.5804	19.5804
780	656.149	20.1704	19.6069	19.6069
781	656.945	20.1999	19.6346	19.6346
782	657.632	20.2296	19.6672	19.6672
783	658.376	20.2623	19.6988	19.6988
784	659.024	20.2976	19.731	19.731
785	659.682	20.3268	19.7613	19.7613
786	660.393	20.3567	19.7894	19.7894
787	661.143	20.3902	19.8177	19.8177
788	661.867	20.4259	19.8489	19.8489
789	662.534	20.4544	19.8825	19.8825
790	663.188	20.4838	19.9103	19.9103
791	663.902	20.5176	19.9389	19.9389
792	664.697	20.5546	19.9707	19.9707
793	665.398	20.5821	20.0047	20.0047
794	666.114	20.6111	20.0319	20.0319
795	666.87	20.6458	20.0598	20.0598
796	667.65	20.6796	20.0921	20.0921
797	668.409	20.7143	20.1273	20.1273
798	669.13	20.7464	20.1535	20.1535
799	669.499	20.7756	20.1811	20.1811
800	669.681	20.8052	20.2141	20.2141
801	670.015	20.8385	20.2463	20.2463
802	670.315	20.875	20.2793	20.2793
803	671.221	20.9037	20.3099	20.3099
804	672.024	20.9336	20.3377	20.3377
805	672.888	20.968	20.3658	20.3658
806	673.617	21.0051	20.3975	20.3975
807	674.361	21.0328	20.4322	20.4322
808	675.188	21.0617	20.4596	20.4596
809	676.081	21.0967	20.488	20.488
810	676.837	21.1311	20.5207	20.5207
811	677.608	21.1663	20.556	20.556
812	678.462	21.1985	20.5823	20.5823
813	679.38	21.2277	20.6099	20.6099
814	680.258	21.2573	20.6431	20.6431
815	681.05	21.2912	20.6757	20.6757
816	681.826	21.3284	20.7092	20.7092
817	682.694	21.3569	20.7399	20.7399
818	683.668	21.3867	20.7676	20.7676
819	684.513	21.4217	20.7957	20.7957
820	685.377	21.4557	20.8279	20.8279
821	686.303	21.4903	20.8634	20.8634
822	687.269	21.5229	20.8904	20.8904
823	688.208	21.553	20.9187	20.9187
824	689.102	21.5835	20.952	20.952
825	690.005	21.617	20.9842	20.9842
826	690.973	21.6532	21.0171	21.0171
827	691.995	21.6831	21.0481	21.0481
828	693.001	21.7138	21.0767	21.0767
829	693.96	21.7481	21.1056	21.1056
830	694.919	21.7846	21.1375	21.1375
831	695.941	21.8138	21.1718	21.1718
832	697.019	21.8439	21.2002	21.2002
833	698.092	21.8786	21.2293	21.2293
834	699.128	21.9165	21.2619	21.2619
835	700.167	21.9448	21.2966	21.2966
836	701.26	21.9744	21.3243	21.3243
837	702.401	22.01	21.3529	21.3529
838	703.543	22.0447	21.3858	21.3858
839	704.669	22.0802	21.4217	21.4217
840	705.809	22.1131	21.4485	21.4485
841	706.991	22.1431	21.4766	21.4766
842	708.207	22.1733	21.5104	21.5104
843	709.433	22.2075	21.5432	21.5432
844	710.665	22.2449	21.5769	21.5769
845	711.92	22.2744	21.6081	21.6081
846	713.208	22.305	21.6365	21.6365
847	714.523	22.3403	21.6653	21.6653
848	715.856	22.3783	21.6977	21.6977
849	717.212	22.4066	21.7331	21.7331
850	718.326	22.4363	21.761	21.761
851	719.484	22.4722	21.7901	21.7901
852	720.751	22.5074	21.8235	21.8235
853	722.064	22.5435	21.8595	21.8595
854	723.29	22.5766	21.8864	21.8864
855	724.405	22.6064	21.9145	21.9145
856	725.527	22.6368	21.9484	21.9484
857	726.787	22.6715	21.9818	21.9818
858	728.175	22.7097	22.016	22.016
859	728.534	22.7389	22.0473	22.0473
860	728.972	22.7694	22.0756	22.0756
861	729	22.8053	22.1043	22.1043
862	729.045	22.8401	22.1372	22.1372
863	729.085	22.8757	22.1734	22.1734
864	729.29	22.909	22.201	22.201
865	729.648	22.94	22.2299	22.2299
866	729.941	22.9711	22.2639	22.2639
867	729.997	23.0056	22.2968	22.2968
868	730.048	23.0427	22.3304	22.3304
869	730.094	23.0733	22.362	22.362
870	730.324	23.1048	22.3913	22.3913
871	731.476	23.1399	22.4208	22.4208
872	733.047	23.1774	22.4534	22.4534
873	734.808	23.2074	22.4884	22.4884
874	736.615	23.2382	22.5174	22.5174
875	737.568	23.2738	22.5472	22.5472
876	738.685	23.3126	22.5804	22.5804
877	740.193	23.3416	22.6159	22.6159
878	741.446	23.372	22.6442	22.6442
879	742.803	23.4085	22.6734	22.6734
880	744.158	23.444	22.707	22.707
881	745.397	23.4805	22.7437	22.7437
882	746.548	23.5142	22.7711	22.7711
883	747.754	23.5449	22.7998	22.7998
884	749.117	23.576	22.8343	22.8343
885	750.555	23.611	22.8678	22.8678
886	751.673	23.6494	22.9023	22.9023
887	752.826	23.6796	22.9342	22.9342
888	754.186	23.711	22.9632	22.9632
889	755.701	23.7472	22.9925	22.9925
890	756.78	23.7862	23.0256	23.0256
891	757.925	23.8152	23.0618	23.0618
892	759.329	23.8457	23.0903	23.0903
893	760.673	23.8824	23.12	23.12
894	762.061	23.9186	23.1541	23.1541
895	763.351	23.9556	23.191	23.191
896	764.516	23.9895	23.2184	23.2184
897	765.682	24.0201	23.2471	23.2471
898	766.991	24.0513	23.2818	23.2818
899	768.432	24.0869	23.3159	23.3159
900	769.576	24.1261	23.3508	23.3508
901	770.765	24.156	23.3828	23.3828
902	772.115	24.1873	23.4117	23.4117
903	773.551	24.2242	23.4411	23.4411
904	774.645	24.2599	23.4747	23.4747
905	775.781	24.2963	23.5117	23.5117
906	777.132	24.3306	23.5399	23.5399
907	778.461	24.3623	23.5694	23.5694
908	779.818	24.3943	23.6042	23.6042
909	781.064	24.4296	23.6378	23.6378
910	782.191	24.4676	23.6721	23.6721
911	783.334	24.499	23.7044	23.7044
912	784.627	24.5313	23.7343	23.7343
913	786.036	24.5674	23.7645	23.7645
914	787.126	24.6059	23.7977	23.7977
915	788.261	24.6366	23.8336	23.8336
916	789.581	24.6682	23.8632	23.8632
917	790.856	24.7048	23.8936	23.8936
918	792.155	24.7446	23.9276	23.9276
919	793.38	24.7743	23.9638	23.9638
920	794.519	24.8055	23.9927	23.9927
921	795.664	24.843	24.0226	24.0226
922	796.916	24.8794	24.0569	24.0569
923	798.255	24.9168	24.0944	24.0944
924	799.39	24.9514	24.1224	24.1224
925	800.546	24.983	24.1518	24.1518
926	801.815	25.0148	24.187	24.187
927	803.159	25.0508	24.2213	24.2213
928	804.287	25.0902	24.2565	24.2565
929	805.435	25.1211	24.2891	24.2891
930	806.71	25.1534	24.3188	24.3188
931	808.073	25.1905	24.3488	24.3488
932	809.18	25.2305	24.3826	24.3826
933	810.316	25.2604	24.4196	24.4196
934	811.598	25.2916	24.4487	24.4487
935	812.969	25.3293	24.4791	24.4791
936	814.008	25.3664	24.5139	24.5139
937	815.086	25.4044	24.5516	24.5516
938	816.35	25.4392	24.5796	24.5796
939	817.727	25.4706	24.609	24.609
940	819.029	25.5026	24.6445	24.6445
941	820.23	25.5391	24.6793	24.6793
942	821.486	25.5794	24.715	24.715
943	822.975	25.6101	24.7477	24.7477
944	824.478	25.6422	24.7772	24.7772
945	825.939	25.68	24.8073	24.8073
946	827.397	25.7167	24.8416	24.8416
947	828.868	25.7541	24.8794	24.8794
948	830.353	25.7892	24.9082	24.9082
949	831.867	25.8218	24.9384	24.9384
950	832.975	25.8546	24.9739	24.9739
951	834.157	25.8909	25.0083	25.0083
952	835.559	25.93	25.0434	25.0434
953	836.767	25.9622	25.0764	25.0764
954	838.045	25.9953	25.107	25.107
955	839.315	26.0324	25.1378	25.1378
956	840.473	26.0719	25.1719	25.1719
957	841.531	26.1034	25.2085	25.2085
958	842.607	26.1359	25.2388	25.2388
959	843.813	26.1734	25.2699	25.2699
960	845.102	26.2143	25.3046	25.3046
961	846.079	26.2448	25.3416	25.3416
962	847.103	26.2768	25.3712	25.3712
963	848.315	26.3153	25.4017	25.4017
964	849.472	26.3527	25.4369	25.4369
965	849.93	26.3911	25.4752	25.4752
966	850.681	26.4266	25.5038	25.5038
967	850.953	26.459	25.5338	25.5338
968	851.81	26.4917	25.5699	25.5699
969	852.596	26.5287	25.6049	25.6049
970	854.053	26.5691	25.6409	25.6409
971	855.273	26.6009	25.6742	25.6742
972	856.395	26.634	25.7046	25.7046
973	857.436	26.6721	25.7352	25.7352
974	858.493	26.7132	25.7698	25.7698
975	859.475	26.7439	25.8077	25.8077
976	860.415	26.7759	25.8375	25.8375
977	861.322	26.8147	25.8685	25.8685
978	862.205	26.8527	25.9042	25.9042
979	863.068	26.8918	25.9427	25.9427
980	863.913	26.9275	25.9713	25.9713
981	864.743	26.9598	26.0014	26.0014
982	865.562	26.9926	26.0376	26.0376
983	866.37	27.0301	26.0732	26.0732
984	867.171	27.0715	26.1098	26.1098
985	867.966	27.103	26.1432	26.1432
986	868.756	27.136	26.1734	26.1734
987	869.542	27.1749	26.2041	26.2041
988	870.326	27.2125	26.2392	26.2392
989	871.106	27.2509	26.2779	26.2779
990	871.885	27.287	26.3074	26.3074
991	872.661	27.3205	26.3383	26.3383
992	873.435	27.3542	26.3746	26.3746
993	874.207	27.3914	26.4098	26.4098
994	874.975	27.4316	26.4457	26.4457
995	875.74	27.4647	26.4794	26.4794
996	876.501	27.4987	26.5107	26.5107
997	877.257	27.5368	26.5422	26.5422
998	878.011	27.5774	26.577	26.577
999	878.76	27.6097	26.6145	26.6145
