t	tintnext	sstore	sstored	stry	sdid	snext
0.0000002	0.001	0.001	0.005			
0.0010002	0.005	0.005	0.025			
0.0060002	0.025	0.025	0.125			
0.0310002	0.125	0.125	0.625			
0.156	0.625	0.625	0.657596			
0.781	0.657596	0.549787	0.594573			
1.33079	0.594573	0.594573	0.6478			
1.92536	0.6478	0.6478	0.818345			
2.57316	0.818345	0.818345	1.0681			
3.39151	1.0681	1.0681	1.37374			
4.4596	1.37374	1.37374	1.74029			
5.83334	1.74029	1.74029	2.05218			
7.57363	2.05218	1.75963	1.82437			
9.33326	1.82437	1.01219	1.218			
10.3454	1.218	1.218	1.47562			
11.5634	1.47562	1.47562	1.4176			
13.0391	1.4176	1.05136	1.1417			
14.0904	1.1417	1.1417	1.35477			
15.2321	1.35477	1.35477	1.43415			
16.5869	1.43415	1.21795	1.26263			
17.8048	1.26263	1.26263	1.25812			
19.0675	1.25812	1.25812	1.20457			
20.3256	1.20457	1.20457	1.16777			
21.5302	1.16777	1.16777	1.19923			
22.6979	1.19923	1.19923	1.27372			
23.8972	1.27372	1.27372	1.30126			
25.1709	1.30126	1.30126	1.23497			
26.4721	1.23497	1.23497	1.15214			
27.7071	1.15214	1.15214	1.15622			
28.8592	1.15622	1.15622	1.25817			
30.0155	1.25817	1.25817	1.34678			
31.2736	1.34678	1.34678	1.29195			
32.6204	1.29195	1.14547	1.16941			
33.7659	1.16941	1.16941	1.27715			
34.9353	1.27715	1.27715	1.34363			
36.2124	1.34363	1.34363	1.26273			
37.5561	1.26273	1.12257	1.14491			
38.6786	1.14491	1.14491	1.27758			
39.8236	1.27758	1.27758	1.3699			
41.1011	1.3699	1.3699	1.27475			
42.471	1.27475	1.08831	1.12566			
43.5593	1.12566	1.12566	1.29329			
44.685	1.29329	1.29329	1.39879			
45.9783	1.39879	1.39879	1.26549			
47.3771	1.26549	1.03378	1.08559			
48.4109	1.08559	1.08559	1.31047			
49.4965	1.31047	1.31047	1.45515			
50.8069	1.45515	0.556909	0.631167			
51.3638	0.631167	0.390615	0.354865			
51.7545	0.354865	0.354865	0.722099			
52.1093	0.722099	0.722099	0.834257			
52.8314	0.834257	0.834257	1.22456			
53.6657	1.22456	1.22456	1.68281			
54.8902	1.68281	1.68281	1.53407			
56.573	1.53407	0.883262	1.04782			
57.4563	1.04782	1.04782	1.42406			
58.5041	1.42406	1.42406	1.57741			
59.9282	1.57741	1.14015	1.25243			
61.0683	1.25243	1.25243	1.27338			
62.3208	1.27338	1.27338	1.1493			
63.5942	1.1493	1.02536	1.04444			
64.6195	1.04444	1.04444	1.2141			
65.664	1.2141	1.2141	1.34663			
66.878	1.34663	1.34663	1.22613			
68.2247	1.22613	0.96824	1.02902			
69.1929	1.02902	1.02902	1.25022			
70.2219	1.25022	1.25022	1.37553			
71.4722	1.37553	1.16488	1.2097			
72.637	1.2097	1.2097	1.14493			
73.8467	1.14493	1.14493	1.03854			
74.9917	1.03854	1.03854	1.01525			
76.0302	1.01525	1.01525	1.11073			
77.0454	1.11073	1.11073	1.2241			
78.1562	1.2241	1.2241	1.19097			
79.3803	1.19097	1.01977	1.05415			
80.4	1.05415	1.05415	1.1466			
81.4542	1.1466	1.1466	1.17631			
82.6008	1.17631	1.05766	1.0754			
83.6585	1.0754	1.0754	1.07267			
84.7339	1.07267	1.07267	1.04773			
85.8065	1.04773	1.04773	1.02883			
86.8543	1.02883	1.02883	1.03834			
87.8831	1.03834	1.03834	1.06516			
88.9214	1.06516	1.06516	1.07568			
89.9866	1.07568	1.07568	1.05443			
91.0623	1.05443	1.05443	1.02611			
92.1167	1.02611	1.02611	1.02722			
93.1428	1.02722	1.02722	1.06402			
94.17	1.06402	1.06402	1.10001			
95.2341	1.10001	1.10001	1.0868			
96.3341	1.0868	1.0868	1.02524			
97.4209	1.02524	1.02524	0.963264			
98.4461	0.963264	0.963264	0.973499			
99.4094	0.973499	0.973499	1.05145			
100.383	1.05145	1.05145	1.10399			
101.434	1.10399	1.10399	1.04672			
102.538	1.04672	0.939274	0.955013			
103.478	0.955013	0.955013	1.04641			
104.433	1.04641	1.04641	1.1059			
105.479	1.1059	1.1059	1.0369			
106.585	1.0369	0.910398	0.932635			
107.495	0.932635	0.932635	1.04613			
108.428	1.04613	1.04613	1.11963			
109.474	1.11963	1.11963	1.03233			
110.594	1.03233	0.87332	0.906169			
111.467	0.906169	0.906169	1.05422			
112.373	1.05422	1.05422	1.14982			
113.427	1.14982	1.03119	1.04918			
114.459	1.04918	1.04918	0.975593			
115.508	0.975593	0.975593	0.895022			
116.483	0.895022	0.895022	0.903686			
117.378	0.903686	0.903686	1.00504			
118.282	1.00504	1.00504	1.08648			
119.287	1.08648	0.67989	1.09165			
119.967	1.09165	0.655981	0.664476			
120.623	0.664476	0.31476	1.45879			
120.938	1.45879	1.18944	1.07359			
122.127	1.07359	1.07359	1.23091			
123.201	1.23091	1.23091	1.22859			
124.432	1.22859	1.22859	1.16766			
125.66	1.16766	0.788966	0.885721			
126.449	0.885721	0.885721	1.10424			
127.335	1.10424	1.10424	1.1818			
128.439	1.1818	0.929729	0.990496			
129.369	0.990496	0.990496	1.00721			
130.359	1.00721	1.00721	0.944997			
131.367	0.944997	0.944997	0.874503			
132.312	0.874503	0.874503	0.881367			
133.186	0.881367	0.881367	0.970452			
134.067	0.970452	0.970452	1.04333			
135.038	1.04333	1.04333	0.98845			
136.081	0.98845	0.856906	0.8817			
136.938	0.8817	0.8817	0.98686			
137.82	0.98686	0.98686	1.05095			
138.807	1.05095	1.05095	0.969109			
139.858	0.969109	0.829171	0.85694			
140.687	0.85694	0.85694	0.994919			
141.544	0.994919	0.994919	1.08903			
142.539	1.08903	1.08903	0.985914			
143.628	0.985914	0.794348	0.83815			
144.422	0.83815	0.83815	1.01975			
145.26	1.01975	1.01975	1.13851			
146.28	1.13851	0.984718	1.01485			
147.265	1.01485	1.01485	0.938416			
148.28	0.938416	0.938416	0.846576			
149.218	0.846576	0.846576	0.85142			
150.065	0.85142	0.85142	0.964241			
150.916	0.964241	0.964241	1.0658			
151.88	1.0658	1.0658	1.00333			
152.946	1.00333	0.831114	0.868736			
153.777	0.868736	0.868736	1.00142			
154.646	1.00142	1.00142	1.07639			
155.647	1.07639	0.967488	0.983507			
156.615	0.983507	0.983507	0.934237			
157.598	0.934237	0.934237	0.87725			
158.533	0.87725	0.87725	0.884344			
159.41	0.884344	0.884344	0.959139			
160.294	0.959139	0.959139	1.01915			
161.253	1.01915	1.01915	0.975873			
162.272	0.975873	0.874221	0.889317			
163.147	0.889317	0.889317	0.969916			
164.036	0.969916	0.969916	1.02508			
165.006	1.02508	1.02508	0.970637			
166.031	0.970637	0.866307	0.882362			
166.897	0.882362	0.882362	0.976627			
167.78	0.976627	0.976627	1.04408			
168.756	1.04408	1.04408	0.981389			
169.8	0.981389	0.854364	0.877724			
170.655	0.877724	0.877724	0.991234			
171.532	0.991234	0.991234	1.06792			
172.524	1.06792	1.06792	0.986827			
173.592	0.986827	0.83394	0.865554			
174.425	0.865554	0.865554	1.01001			
175.291	1.01001	1.01001	1.10713			
176.301	1.10713	1.10713	0.9993			
177.408	0.9993	0.802506	0.847681			
178.211	0.847681	0.847681	1.03736			
179.058	1.03736	1.03736	1.16434			
180.096	1.16434	1.00657	1.03753			
181.102	1.03753	1.03753	0.954979			
182.14	0.954979	0.859169	0.872589			
182.999	0.872589	0.872589	0.99396			
183.872	0.99396	0.99396	1.09323			
184.866	1.09323	1.09323	1.01874			
185.959	1.01874	0.842194	0.880918			
186.801	0.880918	0.880918	1.0289			
187.682	1.0289	1.0289	1.11901			
188.711	1.11901	1.00049	1.01899			
189.711	1.01899	1.01899	0.95782			
190.73	0.95782	0.95782	0.89			
191.688	0.89	0.89	0.901205			
192.578	0.901205	0.901205	0.993592			
193.479	0.993592	0.993592	1.06594			
194.473	1.06594	1.06594	1.00999			
195.539	1.00999	0.882314	0.905479			
196.421	0.905479	0.905479	1.01227			
197.327	1.01227	1.01227	1.08256			
198.339	1.08256	1.08256	1.00605			
199.421	1.00605	0.86493	0.892573			
200.286	0.892573	0.892573	1.02774			
201.179	1.02774	1.02774	1.12103			
202.207	1.12103	1.12103	1.02374			
203.328	1.02374	0.838585	0.880141			
204.166	0.880141	0.880141	1.05627			
205.046	1.05627	1.05627	1.17372			
206.103	1.17372	1.03318	1.0583			
207.136	1.0583	1.0583	0.978105			
208.194	0.978105	0.978105	0.890603			
209.172	0.890603	0.890603	0.906038			
210.063	0.906038	0.906038	1.02866			
210.969	1.02866	1.02866	1.1292			
211.998	1.1292	1.1292	1.05748			
213.127	1.05748	0.88404	0.921937			
214.011	0.921937	0.921937	1.07233			
214.933	1.07233	1.07233	1.12893			
216.005	1.12893	1.01587	1.02981			
217.021	1.02981	1.02981	0.969092			
218.051	0.969092	0.969092	0.964414			
219.02	0.964414	0.964414	0.985214			
219.984	0.985214	0.985214	1.0287			
220.97	1.0287	1.0287	1.09441			
221.998	1.09441	1.09441	1.18936			
223.093	1.18936	1.18936	1.33935			
224.282	1.33935	1.14462	1.18699			
225.427	1.18699	1.18699	1.07168			
226.614	1.07168	0.934573	0.962273			
227.548	0.962273	0.962273	1.14529			
228.51	1.14529	1.14529	1.29416			
229.656	1.29416	1.29416	1.17185			
230.95	1.17185	0.892149	0.967674			
231.842	0.967674	0.967674	1.21932			
232.81	1.21932	1.05316	1.0839			
233.863	1.0839	0.89304	0.934698			
234.756	0.934698	0.783746	0.814797			
235.54	0.814797	0.714246	0.730863			
236.254	0.730863	0.730863	0.672			
236.985	0.672	0.672	0.649029			
237.657	0.649029	0.649029	0.64334			
238.306	0.64334	0.64334	0.647474			
238.949	0.647474	0.647474	0.656037			
239.597	0.656037	0.656037	0.666156			
240.253	0.666156	0.666156	0.676482			
240.919	0.676482	0.676482	0.686476			
241.595	0.686476	0.686476	0.695906			
242.282	0.695906	0.695906	0.704621			
242.978	0.704621	0.704621	0.712485			
243.682	0.712485	0.712485	0.719371			
244.395	0.719371	0.719371	0.725176			
245.114	0.725176	0.725176	0.729839			
245.839	0.729839	0.729839	0.733349			
246.569	0.733349	0.733349	0.735754			
247.303	0.735754	0.735754	0.73715			
248.038	0.73715	0.73715	0.737673			
248.775	0.737673	0.737673	0.737471			
249.513	0.737471	0.737471	0.736697			
250.251	0.736697	0.736697	0.735484			
250.987	0.735484	0.735484	0.733947			
251.723	0.733947	0.733947	0.732181			
252.457	0.732181	0.732181	0.730274			
253.189	0.730274	0.730274	0.728272			
253.919	0.728272	0.728272	0.726221			
254.647	0.726221	0.726221	0.724176			
255.374	0.724176	0.724176	0.722178			
256.098	0.722178	0.722178	0.720239			
256.82	0.720239	0.720239	0.718363			
257.54	0.718363	0.718363	0.71634			
258.259	0.71634	0.71634	0.715939			
258.975	0.715939	0.715939	0.714421			
259.691	0.714421	0.714421	0.711692			
260.405	0.711692	0.711692	0.709344			
261.117	0.709344	0.709344	0.708767			
261.826	0.708767	0.708767	0.709341			
262.535	0.709341	0.709341	0.708997			
263.244	0.708997	0.708997	0.706711			
263.953	0.706711	0.706711	0.704003			
264.66	0.704003	0.704003	0.703317			
265.364	0.703317	0.703317	0.704978			
266.067	0.704978	0.704978	0.706408			
266.772	0.706408	0.706408	0.704994			
267.479	0.704994	0.704994	0.701553			
268.184	0.701553	0.701553	0.699873			
268.885	0.699873	0.699873	0.702262			
269.585	0.702262	0.702262	0.706242			
270.288	0.706242	0.706242	0.706813			
270.994	0.706813	0.706813	0.702605			
271.701	0.702605	0.702605	0.698486			
272.403	0.698486	0.698486	0.700315			
273.102	0.700315	0.700315	0.707467			
273.802	0.707467	0.707467	0.712215			
274.509	0.712215	0.712215	0.708344			
275.222	0.708344	0.708344	0.700031			
275.93	0.700031	0.700031	0.698369			
276.63	0.698369	0.698369	0.708173			
277.328	0.708173	0.708173	0.720404			
278.037	0.720404	0.720404	0.720477			
278.757	0.720477	0.720477	0.706953			
279.477	0.706953	0.706953	0.696631			
280.184	0.696631	0.696631	0.705524			
280.881	0.705524	0.705524	0.728529			
281.587	0.728529	0.728529	0.740362			
282.315	0.740362	0.740362	0.724029			
283.055	0.724029	0.724029	0.697932			
283.779	0.697932	0.697932	0.690861			
284.477	0.690861	0.690861	0.722272			
285.168	0.722272	0.722272	0.766718			
285.891	0.766718	0.766718	0.769113			
286.657	0.769113	0.769113	0.718734			
287.426	0.718734	0.718734	0.677129			
288.145	0.677129	0.677129	0.701056			
288.822	0.701056	0.506914	0.532042			
289.329	0.532042	0.287158	0.827459			
289.616	0.827459	0.0771059	0.38553			
289.693	0.38553	0.285544	0.259951			
289.979	0.259951	0.259951	0.56261			
290.239	0.56261	0.56261	0.67735			
290.802	0.67735	0.67735	0.892092			
291.479	0.892092	0.892092	0.924618			
292.371	0.924618	0.68776	0.746696			
293.059	0.746696	0.746696	0.815625			
293.805	0.815625	0.815625	0.805622			
294.621	0.805622	0.805622	0.726467			
295.427	0.726467	0.726467	0.681579			
296.153	0.681579	0.681579	0.734224			
296.835	0.734224	0.734224	0.844493			
297.569	0.844493	0.844493	0.880408			
298.413	0.880408	0.77978	0.796361			
299.193	0.796361	0.796361	0.796955			
299.99	0.796955	0.796955	0.785292			
300.787	0.785292	0.785292	0.782169			
301.572	0.782169	0.782169	0.800828			
302.354	0.800828	0.800828	0.829118			
303.155	0.829118	0.829118	0.839395			
303.984	0.839395	0.414638	0.902324			
304.399	0.902324	0.267711	1.33856			
304.666	1.33856	0.323316	0.294934			
304.99	0.294934	0.294934	1.01737			
305.285	1.01737	1.01737	1.13572			
306.302	1.13572	0.818266	0.897938			
307.12	0.897938	0.897938	0.917533			
308.018	0.917533	0.917533	0.848058			
308.936	0.848058	0.848058	0.783898			
309.784	0.783898	0.783898	0.814454			
310.568	0.814454	0.814454	0.927116			
311.382	0.927116	0.927116	0.996022			
312.309	0.996022	0.996022	0.926222			
313.305	0.926222	0.814499	0.833244			
314.12	0.833244	0.833244	0.950929			
314.953	0.950929	0.950929	1.03589			
315.904	1.03589	1.03589	0.977082			
316.94	0.977082	0.864689	0.882712			
317.804	0.882712	0.882712	0.986521			
318.687	0.986521	0.986521	1.05642			
319.674	1.05642	1.05642	1.0106			
320.73	1.0106	1.0106	0.932034			
321.741	0.932034	0.932034	0.937873			
322.673	0.937873	0.937873	1.03499			
323.611	1.03499	1.03499	1.10576			
324.646	1.10576	1.10576	1.07673			
325.751	1.07673	1.07673	1.02168			
326.828	1.02168	1.02168	1.03471			
327.85	1.03471	1.03471	1.108			
328.884	1.108	1.108	1.15214			
329.992	1.15214	1.15214	1.14054			
331.145	1.14054	1.14054	1.12895			
332.285	1.12895	1.12895	1.15565			
333.414	1.15565	1.15565	1.19557			
334.57	1.19557	1.19557	1.21644			
335.765	1.21644	1.21644	1.22684			
336.982	1.22684	1.22684	1.24524			
338.209	1.24524	1.24524	1.27034			
339.454	1.27034	1.27034	1.23298			
340.724	1.23298	1.02136	1.06525			
341.746	1.06525	1.06525	1.1892			
342.811	1.1892	1.1892	1.25008			
344	1.25008	1.25008	1.15178			
345.25	1.15178	1.01438	1.03632			
346.264	1.03632	1.03632	1.19209			
347.301	1.19209	1.19209	1.31644			
348.493	1.31644	1.31644	1.2224			
349.809	1.2224	1.00901	1.05363			
350.818	1.05363	1.05363	1.23717			
351.872	1.23717	1.23717	1.35742			
353.109	1.35742	1.35742	1.22297			
354.467	1.22297	0.987079	1.03842			
355.454	1.03842	1.03842	1.27102			
356.492	1.27102	1.27102	1.4357			
357.763	1.4357	1.25726	1.28887			
359.02	1.28887	1.28887	1.17469			
360.309	1.17469	1.17469	1.05965			
361.484	1.05965	1.05965	1.08814			
362.544	1.08814	1.08814	1.25647			
363.632	1.25647	0.165508	0.827542			
363.797	0.827542	0.195821	0.979107			
363.993	0.979107	0.0454328	0.0412943			
364.038	0.0412943	0.0412943	0.206471			
364.08	0.206471	0.206471	1.03236			
364.286	1.03236	0.362433	1.62045			
364.649	1.62045	0.293102	1.46551			
364.942	1.46551	0.0559154	0.279577			
364.998	0.279577	0.0506642	0.0460692			
365.048	0.0460692	0.0460692	0.230346			
365.094	0.230346	0.230346	1.15173			
365.325	1.15173	1.15173	2.52275			
366.476	2.52275	2.52275	2.58395			
368.999	2.58395	1.05801	1.41386			
370.057	1.41386	1.41386	1.60591			
371.471	1.60591	1.2425	1.33017			
372.714	1.33017	1.33017	1.27887			
374.044	1.27887	1.14312	1.16307			
375.187	1.16307	1.16307	1.26589			
376.35	1.26589	1.26589	1.33716			
377.616	1.33716	1.33716	1.27152			
378.953	1.27152	1.27152	1.14479			
380.225	1.14479	1.14479	1.11469			
381.369	1.11469	1.11469	1.23418			
382.484	1.23418	1.23418	1.38908			
383.718	1.38908	1.38908	1.36799			
385.107	1.36799	1.16182	1.2034			
386.269	1.2034	1.2034	1.30384			
387.472	1.30384	1.30384	1.34151			
388.776	1.34151	1.34151	1.25145			
390.118	1.25145	1.25145	1.14157			
391.369	1.14157	1.14157	1.14747			
392.511	1.14747	1.14747	1.28247			
393.658	1.28247	1.28247	1.40158			
394.941	1.40158	1.40158	1.32711			
396.342	1.32711	1.12618	1.16673			
397.469	1.16673	1.16673	1.32002			
398.635	1.32002	1.32002	1.4075			
399.955	1.4075	1.4075	1.28394			
401.363	1.28394	1.08518	1.1256			
402.448	1.1256	1.1256	1.32833			
403.574	1.32833	1.32833	1.46709			
404.902	1.46709	1.31026	1.3348			
406.212	1.3348	1.3348	1.22907			
407.547	1.22907	1.22907	1.11847			
408.776	1.11847	1.11847	1.13614			
409.895	1.13614	1.13614	1.28089			
411.031	1.28089	1.28089	1.39018			
412.312	1.39018	1.39018	1.29092			
413.702	1.29092	1.07985	1.12436			
414.782	1.12436	1.12436	1.30544			
415.906	1.30544	1.30544	1.41293			
417.211	1.41293	1.26069	1.28472			
418.472	1.28472	1.28472	1.21029			
419.757	1.21029	1.21029	1.12071			
420.967	1.12071	1.12071	1.12281			
422.088	1.12281	1.12281	1.2257			
423.211	1.2257	1.2257	1.31307			
424.436	1.31307	1.31307	1.25106			
425.749	1.25106	1.09538	1.12286			
426.845	1.12286	1.12286	1.23936			
427.968	1.23936	1.23936	1.30561			
429.207	1.30561	1.30561	1.21011			
430.513	1.21011	1.05614	1.08347			
431.569	1.08347	1.08347	1.23612			
432.652	1.23612	1.23612	1.34034			
433.888	1.34034	1.34034	1.22785			
435.229	1.22785	1.01869	1.06245			
436.247	1.06245	1.06245	1.25818			
437.31	1.25818	1.25818	1.25279			
438.568	1.25279	1.25279	1.19283			
439.821	1.19283	1.19283	1.16497			
441.014	1.16497	1.16497	1.15077			
442.179	1.15077	1.15077	1.17326			
443.329	1.17326	1.17326	1.20992			
444.503	1.20992	1.20992	1.21202			
445.712	1.21202	1.21202	1.16815			
446.925	1.16815	1.16815	1.10759			
448.093	1.10759	1.10759	1.10347			
449.2	1.10347	1.10347	1.17004			
450.304	1.17004	1.17004	1.23877			
451.474	1.23877	1.23877	1.23815			
452.713	1.23815	1.23815	1.19222			
453.951	1.19222	1.19222	1.18649			
455.143	1.18649	1.18649	1.26175			
456.329	1.26175	1.26175	1.36731			
457.591	1.36731	1.36731	1.39288			
458.958	1.39288	1.39288	1.28472			
460.351	1.28472	1.14334	1.16446			
461.495	1.16446	1.16446	1.30114			
462.659	1.30114	1.30114	1.32348			
463.96	1.32348	1.1452	1.17926			
465.105	1.17926	1.17926	1.1918			
466.285	1.1918	1.1918	1.14142			
467.477	1.14142	1.14142	1.069			
468.618	1.069	1.069	1.04806			
469.687	1.04806	1.04806	1.09706			
470.735	1.09706	1.09706	1.15174			
471.832	1.15174	1.15174	1.1249			
472.984	1.1249	1.1249	1.03037			
474.109	1.03037	1.03037	0.974263			
475.139	0.974263	0.974263	1.02097			
476.113	1.02097	1.02097	1.12378			
477.134	1.12378	1.12378	1.14683			
478.258	1.14683	1.14683	1.03481			
479.405	1.03481	0.91718	0.935835			
480.322	0.935835	0.935835	1.08835			
481.258	1.08835	1.08835	1.20541			
482.346	1.20541	1.20541	1.09728			
483.552	1.09728	0.870892	0.922669			
484.423	0.922669	0.568749	1.19204			
484.991	1.19204	0.741959	0.703627			
485.733	0.703627	0.257622	1.28811			
485.991	1.28811	0.983564	0.899203			
486.974	0.899203	0.899203	2.95045			
487.874	2.95045	2.3489	2.46013			
490.223	2.46013	1.00342	0.944744			
491.226	0.944744	0.944744	0.953808			
492.171	0.953808	0.953808	1.04172			
493.125	1.04172	1.04172	1.11674			
494.166	1.11674	1.11674	1.07557			
495.283	1.07557	0.920325	0.954316			
496.203	0.954316	0.718512	0.774505			
496.922	0.774505	0.658902	0.67986			
497.581	0.67986	0.67986	0.636036			
498.261	0.636036	0.636036	0.636245			
498.897	0.636245	0.636245	0.652624			
499.533	0.652624	0.652624	0.675604			
500.186	0.675604	0.675604	0.697281			
500.861	0.697281	0.697281	0.71489			
501.558	0.71489	0.71489	0.728781			
502.273	0.728781	0.728781	0.740149			
503.002	0.740149	0.740149	0.74981			
503.742	0.74981	0.74981	0.758119			
504.492	0.758119	0.758119	0.765167			
505.25	0.765167	0.765167	0.770927			
506.015	0.770927	0.770927	0.775321			
506.786	0.775321	0.775321	0.778274			
507.562	0.778274	0.778274	0.77976			
508.34	0.77976	0.77976	0.779758			
509.12	0.779758	0.779758	0.778369			
509.899	0.778369	0.778369	0.774497			
510.678	0.774497	0.774497	0.773124			
511.452	0.773124	0.773124	0.771001			
512.225	0.771001	0.771001	0.766389			
512.996	0.766389	0.766389	0.759887			
513.763	0.759887	0.759887	0.75365			
514.523	0.75365	0.75365	0.74899			
515.276	0.74899	0.74899	0.745039			
516.025	0.745039	0.745039	0.73993			
516.77	0.73993	0.73993	0.733161			
517.51	0.733161	0.733161	0.726405			
518.243	0.726405	0.726405	0.721654			
518.97	0.721654	0.721654	0.718756			
519.691	0.718756	0.718756	0.715329			
520.41	0.715329	0.715329	0.709506			
521.126	0.709506	0.709506	0.702476			
521.835	0.702476	0.702476	0.697445			
522.538	0.697445	0.697445	0.695787			
523.235	0.695787	0.695787	0.694906			
523.931	0.694906	0.694906	0.690834			
524.626	0.690834	0.690834	0.683239			
525.316	0.683239	0.683239	0.676589			
526	0.676589	0.676589	0.675142			
526.676	0.675142	0.675142	0.677328			
527.351	0.677328	0.677328	0.676541			
528.029	0.676541	0.676541	0.668828			
528.705	0.668828	0.668828	0.658851			
529.374	0.658851	0.658851	0.655307			
530.033	0.655307	0.655307	0.660303			
530.688	0.660303	0.660303	0.665233			
531.349	0.665233	0.665233	0.659616			
532.014	0.659616	0.659616	0.645077			
532.673	0.645077	0.645077	0.635602			
533.319	0.635602	0.635602	0.641195			
533.954	0.641195	0.641195	0.654457			
534.595	0.654457	0.654457	0.655909			
535.25	0.655909	0.655909	0.637603			
535.906	0.637603	0.637603	0.617098			
536.543	0.617098	0.617098	0.617652			
537.16	0.617652	0.617652	0.640041			
537.778	0.640041	0.640041	0.656671			
538.418	0.656671	0.656671	0.640073			
539.075	0.640073	0.640073	0.603608			
539.715	0.603608	0.603608	0.588954			
540.318	0.588954	0.588954	0.616059			
540.907	0.616059	0.616059	0.657302			
541.523	0.657302	0.657302	0.65633			
542.181	0.65633	0.65633	0.60269			
542.837	0.60269	0.60269	0.558188			
543.44	0.558188	0.558188	0.576581			
543.998	0.576581	0.576581	0.646968			
544.575	0.646968	0.646968	0.686985			
545.222	0.686985	0.686985	0.626526			
545.909	0.626526	0.528105	0.548627			
546.437	0.548627	0.548627	0.649615			
546.985	0.649615	0.649615	0.720511			
547.635	0.720511	0.637839	0.651936			
548.273	0.651936	0.651936	0.597455			
548.925	0.597455	0.537229	0.54574			
549.462	0.54574	0.54574	0.623599			
550.008	0.623599	0.623599	0.686641			
550.631	0.686641	0.686641	0.633685			
551.318	0.633685	0.512303	0.540009			
551.83	0.540009	0.540009	0.643292			
552.37	0.643292	0.643292	0.705459			
553.013	0.705459	0.611454	0.629612			
553.625	0.629612	0.629612	0.591983			
554.255	0.591983	0.591983	0.539872			
554.847	0.539872	0.539872	0.535542			
555.386	0.535542	0.535542	0.591522			
555.922	0.591522	0.591522	0.649535			
556.513	0.649535	0.649535	0.623977			
557.163	0.623977	0.52985	0.549166			
557.693	0.549166	0.549166	0.611232			
558.242	0.611232	0.611232	0.636936			
558.853	0.636936	0.636936	0.582785			
559.49	0.582785	0.509063	0.522329			
559.999	0.522329	0.522329	0.606207			
560.522	0.606207	0.606207	0.669126			
561.128	0.669126	0.669126	0.608218			
561.797	0.608218	0.483245	0.51237			
562.28	0.51237	0.51237	0.625074			
562.793	0.625074	0.625074	0.696464			
563.418	0.696464	0.594355	0.615396			
564.012	0.615396	0.615396	0.572772			
564.627	0.572772	0.514928	0.523131			
565.142	0.523131	0.523131	0.587651			
565.665	0.587651	0.587651	0.637222			
566.253	0.637222	0.637222	0.593483			
566.89	0.593483	0.497818	0.518056			
567.388	0.518056	0.518056	0.600816			
567.906	0.600816	0.600816	0.652139			
568.507	0.652139	0.584286	0.594616			
569.091	0.594616	0.594616	0.557693			
569.686	0.557693	0.557693	0.515774			
570.244	0.515774	0.515774	0.520015			
570.759	0.520015	0.520015	0.573287			
571.279	0.573287	0.573287	0.61704			
571.853	0.61704	0.61704	0.584347			
572.47	0.584347	0.50513	0.520236			
572.975	0.520236	0.520236	0.583965			
573.495	0.583965	0.583965	0.623058			
574.079	0.623058	0.623058	0.572835			
574.702	0.572835	0.486229	0.503864			
575.188	0.503864	0.503864	0.589763			
575.692	0.589763	0.589763	0.648944			
576.282	0.648944	0.582938	0.592714			
576.865	0.592714	0.592714	0.546421			
577.458	0.546421	0.546421	0.498806			
578.004	0.498806	0.498806	0.507984			
578.503	0.507984	0.507984	0.573474			
579.011	0.573474	0.573474	0.623318			
579.584	0.623318	0.623318	0.578995			
580.208	0.578995	0.483352	0.503797			
580.691	0.503797	0.503797	0.587715			
581.195	0.587715	0.587715	0.640688			
581.782	0.640688	0.572605	0.583219			
582.355	0.583219	0.583219	0.545405			
582.938	0.545405	0.545405	0.503159			
583.484	0.503159	0.503159	0.508484			
583.987	0.508484	0.508484	0.563779			
584.495	0.563779	0.563779	0.608766			
585.059	0.608766	0.608766	0.574785			
585.668	0.574785	0.493448	0.509388			
586.161	0.509388	0.509388	0.576148			
586.671	0.576148	0.576148	0.617863			
587.247	0.617863	0.617863	0.566054			
587.865	0.566054	0.474882	0.494063			
588.34	0.494063	0.494063	0.584636			
588.834	0.584636	0.584636	0.647606			
589.418	0.647606	0.577049	0.588378			
589.995	0.588378	0.588378	0.54068			
590.584	0.54068	0.54068	0.490925			
591.124	0.490925	0.490925	0.500045			
591.615	0.500045	0.500045	0.568643			
592.115	0.568643	0.568643	0.622738			
592.684	0.622738	0.622738	0.577707			
593.307	0.577707	0.476444	0.498657			
593.783	0.498657	0.498657	0.586498			
594.282	0.586498	0.586498	0.642055			
594.868	0.642055	0.569708	0.58171			
595.438	0.58171	0.58171	0.543562			
596.02	0.543562	0.543562	0.499953			
596.563	0.499953	0.499953	0.504869			
597.063	0.504869	0.504869	0.562013			
597.568	0.562013	0.562013	0.610365			
598.13	0.610365	0.610365	0.576885			
598.741	0.576885	0.49168	0.50881			
599.232	0.50881	0.50881	0.577537			
599.741	0.577537	0.577537	0.620472			
600.319	0.620472	0.620472	0.567016			
600.939	0.567016	0.473848	0.493609			
601.413	0.493609	0.493609	0.587182			
601.906	0.587182	0.587182	0.654			
602.494	0.654	0.581721	0.593471			
603.075	0.593471	0.593471	0.542405			
603.669	0.542405	0.542405	0.490109			
604.211	0.490109	0.490109	0.500841			
604.701	0.500841	0.500841	0.575064			
605.202	0.575064	0.575064	0.634094			
605.777	0.634094	0.634094	0.585178			
606.411	0.585178	0.474834	0.499712			
606.886	0.499712	0.499712	0.596535			
607.386	0.596535	0.596535	0.659589			
607.982	0.659589	0.578332	0.592952			
608.561	0.592952	0.592952	0.550892			
609.154	0.550892	0.550892	0.501894			
609.705	0.501894	0.501894	0.506665			
610.206	0.506665	0.506665	0.570948			
610.713	0.570948	0.570948	0.628375			
611.284	0.628375	0.628375	0.592553			
611.912	0.592553	0.493484	0.514736			
612.406	0.514736	0.514736	0.593291			
612.921	0.593291	0.593291	0.641849			
613.514	0.641849	0.641849	0.579162			
614.156	0.579162	0.472272	0.496066			
614.628	0.496066	0.496066	0.606088			
615.124	0.606088	0.606088	0.688354			
615.73	0.688354	0.600273	0.616623			
616.331	0.616623	0.616623	0.555761			
616.947	0.555761	0.490203	0.501147			
617.437	0.501147	0.501147	0.591923			
617.939	0.591923	0.591923	0.671535			
618.53	0.671535	0.671535	0.614552			
619.202	0.614552	0.472457	0.506486			
619.674	0.506486	0.506486	0.626368			
620.181	0.626368	0.626368	0.704595			
620.807	0.704595	0.59515	0.618174			
621.402	0.618174	0.618174	0.573276			
622.021	0.573276	0.512765	0.521739			
622.533	0.521739	0.521739	0.593328			
623.055	0.593328	0.593328	0.653995			
623.648	0.653995	0.653995	0.610821			
624.302	0.610821	0.50206	0.52598			
624.804	0.52598	0.52598	0.617921			
625.33	0.617921	0.617921	0.679034			
625.948	0.679034	0.605676	0.61716			
626.554	0.61716	0.61716	0.573019			
627.171	0.573019	0.573019	0.526133			
627.744	0.526133	0.526133	0.535949			
628.27	0.535949	0.535949	0.604759			
628.806	0.604759	0.604759	0.661662			
629.411	0.661662	0.661662	0.619903			
630.073	0.619903	0.517253	0.539067			
630.59	0.539067	0.539067	0.627255			
631.129	0.627255	0.627255	0.688012			
631.756	0.688012	0.688012	0.621346			
632.444	0.621346	0.496299	0.524944			
632.941	0.524944	0.524944	0.648969			
633.466	0.648969	0.648969	0.744046			
634.115	0.744046	0.642869	0.662373			
634.757	0.662373	0.592129	0.602753			
635.35	0.602753	0.602753	0.605947			
635.952	0.605947	0.605947	0.597906			
636.558	0.597906	0.597906	0.589319			
637.156	0.589319	0.589319	0.593743			
637.745	0.593743	0.593743	0.610782			
638.339	0.610782	0.610782	0.623227			
638.95	0.623227	0.623227	0.615406			
639.573	0.615406	0.615406	0.596151			
640.189	0.596151	0.596151	0.591244			
640.785	0.591244	0.591244	0.612816			
641.376	0.612816	0.612816	0.641993			
641.989	0.641993	0.641993	0.643466			
642.631	0.643466	0.643466	0.611614			
643.274	0.611614	0.611614	0.585975			
643.886	0.585975	0.585975	0.60323			
644.472	0.60323	0.60323	0.655031			
645.075	0.655031	0.655031	0.684497			
645.73	0.684497	0.684497	0.646257			
646.415	0.646257	0.646257	0.584828			
647.061	0.584828	0.584828	0.577959			
647.646	0.577959	0.577959	0.648147			
648.224	0.648147	0.648147	0.732832			
648.872	0.732832	0.732832	0.715887			
649.605	0.715887	0.595556	0.621319			
650.2	0.621319	0.621319	0.691788			
650.822	0.691788	0.691788	0.728557			
651.513	0.728557	0.728557	0.672042			
652.242	0.672042	0.587632	0.602466			
652.83	0.602466	0.602466	0.69962			
653.432	0.69962	0.69962	0.782856			
654.132	0.782856	0.356927	0.501428			
654.489	0.501428	0.187312	0.748968			
654.676	0.748968	0.226892	0.218975			
654.903	0.218975	0.218975	0.47009			
655.122	0.47009	0.47009	0.557655			
655.592	0.557655	0.557655	0.795096			
656.149	0.795096	0.795096	0.916144			
656.945	0.916144	0.687003	0.744475			
657.632	0.744475	0.744475	0.722385			
658.376	0.722385	0.647641	0.658486			
659.024	0.658486	0.658486	0.711071			
659.682	0.711071	0.711071	0.749997			
660.393	0.749997	0.749997	0.724123			
661.143	0.724123	0.724123	0.666518			
661.867	0.666518	0.666518	0.653637			
662.534	0.653637	0.653637	0.714412			
663.188	0.714412	0.714412	0.794701			
663.902	0.794701	0.794701	0.792683			
664.697	0.792683	0.701146	0.716179			
665.398	0.716179	0.716179	0.755969			
666.114	0.755969	0.755969	0.780094			
666.87	0.780094	0.780094	0.759105			
667.65	0.759105	0.759105	0.721361			
668.409	0.721361	0.721361	0.720642			
669.13	0.720642	0.368179	0.842249			
669.499	0.842249	0.182146	0.910732			
669.681	0.910732	0.333935	0.30066			
670.015	0.30066	0.30066	0.905486			
670.315	0.905486	0.905486	1.05013			
671.221	1.05013	0.803597	0.863928			
672.024	0.863928	0.863928	0.82101			
672.888	0.82101	0.728865	0.743371			
673.617	0.743371	0.743371	0.827427			
674.361	0.827427	0.827427	0.892589			
675.188	0.892589	0.892589	0.850558			
676.081	0.850558	0.756482	0.771052			
676.837	0.771052	0.771052	0.854304			
677.608	0.854304	0.854304	0.917611			
678.462	0.917611	0.917611	0.877721			
679.38	0.877721	0.877721	0.79171			
680.258	0.79171	0.79171	0.776433			
681.05	0.776433	0.776433	0.867775			
681.826	0.867775	0.867775	0.974167			
682.694	0.974167	0.974167	0.958455			
683.668	0.958455	0.845034	0.864023			
684.513	0.864023	0.864023	0.926359			
685.377	0.926359	0.926359	0.965261			
686.303	0.965261	0.965261	0.939019			
687.269	0.939019	0.939019	0.894663			
688.208	0.894663	0.894663	0.902402			
689.102	0.902402	0.902402	0.968424			
690.005	0.968424	0.968424	1.02198			
690.973	1.02198	1.02198	1.00553			
691.995	1.00553	1.00553	0.959104			
693.001	0.959104	0.959104	0.959532			
693.96	0.959532	0.959532	1.02162			
694.919	1.02162	1.02162	1.07848			
695.941	1.07848	1.07848	1.0723			
697.019	1.0723	1.0723	1.03648			
698.092	1.03648	1.03648	1.03926			
699.128	1.03926	1.03926	1.09268			
700.167	1.09268	1.09268	1.14057			
701.26	1.14057	1.14057	1.14219			
702.401	1.14219	1.14219	1.12649			
703.543	1.12649	1.12649	1.13975			
704.669	1.13975	1.13975	1.18225			
705.809	1.18225	1.18225	1.21607			
706.991	1.21607	1.21607	1.2254			
708.207	1.2254	1.2254	1.23204			
709.433	1.23204	1.23204	1.25552			
710.665	1.25552	1.25552	1.28815			
711.92	1.28815	1.28815	1.31404			
713.208	1.31404	1.31404	1.33345			
714.523	1.33345	1.33345	1.35588			
715.856	1.35588	1.35588	1.33506			
717.212	1.33506	1.11428	1.15812			
718.326	1.15812	1.15812	1.26655			
719.484	1.26655	1.26655	1.31305			
720.751	1.31305	1.31305	1.22565			
722.064	1.22565	1.22565	1.11517			
723.29	1.11517	1.11517	1.12189			
724.405	1.12189	1.12189	1.26087			
725.527	1.26087	1.26087	1.38726			
726.787	1.38726	1.38726	1.3196			
728.175	1.3196	0.359731	1.3231			
728.534	1.3231	0.437643	1.61549			
728.972	1.61549	0.0277182	0.138591			
729	0.138591	0.0448348	0.0408256			
729.045	0.0408256	0.0408256	0.204128			
729.085	0.204128	0.204128	1.02064			
729.29	1.02064	0.358434	1.62042			
729.648	1.62042	0.29321	1.46605			
729.941	1.46605	0.0559089	0.279545			
729.997	0.279545	0.0506579	0.0460637			
730.048	0.0460637	0.0460637	0.230318			
730.094	0.230318	0.230318	1.15159			
730.324	1.15159	1.15159	1.57156			
731.476	1.57156	1.57156	1.76109			
733.047	1.76109	1.76109	1.80659			
734.808	1.80659	1.80659	1.66305			
736.615	1.66305	0.952577	1.11748			
737.568	1.11748	1.11748	1.50768			
738.685	1.50768	1.50768	1.67923			
740.193	1.67923	1.25373	1.35641			
741.446	1.35641	1.35641	1.3556			
742.803	1.3556	1.3556	1.23838			
744.158	1.23838	1.23838	1.15121			
745.397	1.15121	1.15121	1.20554			
746.548	1.20554	1.20554	1.36345			
747.754	1.36345	1.36345	1.43774			
749.117	1.43774	1.43774	1.30344			
750.555	1.30344	1.11835	1.15264			
751.673	1.15264	1.15264	1.36037			
752.826	1.36037	1.36037	1.51487			
754.186	1.51487	1.51487	1.36922			
755.701	1.36922	1.07932	1.14454			
756.78	1.14454	1.14454	1.40432			
757.925	1.40432	1.40432	1.56882			
759.329	1.56882	1.34371	1.38826			
760.673	1.38826	1.38826	1.28963			
762.061	1.28963	1.28963	1.16521			
763.351	1.16521	1.16521	1.16564			
764.516	1.16564	1.16564	1.30891			
765.682	1.30891	1.30891	1.44132			
766.991	1.44132	1.44132	1.36452			
768.432	1.36452	1.14378	1.18924			
769.576	1.18924	1.18924	1.35033			
770.765	1.35033	1.35033	1.43618			
772.115	1.43618	1.43618	1.30029			
773.551	1.30029	1.09377	1.13556			
774.645	1.13556	1.13556	1.35086			
775.781	1.35086	1.35086	1.49912			
777.132	1.49912	1.32911	1.35714			
778.461	1.35714	1.35714	1.24599			
779.818	1.24599	1.24599	1.12752			
781.064	1.12752	1.12752	1.14279			
782.191	1.14279	1.14279	1.29269			
783.334	1.29269	1.29269	1.40955			
784.627	1.40955	1.40955	1.30928			
786.036	1.30928	1.08935	1.13539			
787.126	1.13539	1.13539	1.31981			
788.261	1.31981	1.31981	1.42868			
789.581	1.42868	1.2752	1.29873			
790.856	1.29873	1.29873	1.22482			
792.155	1.22482	1.22482	1.13881			
793.38	1.13881	1.13881	1.14588			
794.519	1.14588	1.14588	1.25187			
795.664	1.25187	1.25187	1.33899			
796.916	1.33899	1.33899	1.2787			
798.255	1.2787	1.13432	1.15625			
799.39	1.15625	1.15625	1.26883			
800.546	1.26883	1.26883	1.34415			
801.815	1.34415	1.34415	1.26828			
803.159	1.26828	1.12812	1.14847			
804.287	1.14847	1.14847	1.27461			
805.435	1.27461	1.27461	1.36277			
806.71	1.36277	1.36277	1.27654			
808.073	1.27654	1.10712	1.13645			
809.18	1.13645	1.13645	1.28156			
810.316	1.28156	1.28156	1.37111			
811.598	1.37111	1.37111	1.24403			
812.969	1.24403	1.03891	1.07827			
814.008	1.07827	1.07827	1.2643			
815.086	1.2643	1.2643	1.37669			
816.35	1.37669	1.37669	1.30209			
817.727	1.30209	1.30209	1.20068			
819.029	1.20068	1.20068	1.25646			
820.23	1.25646	1.25646	1.4888			
821.486	1.4888	1.4888	1.5025			
822.975	1.5025	1.5025	1.46151			
824.478	1.46151	1.46151	1.45807			
825.939	1.45807	1.45807	1.47096			
827.397	1.47096	1.47096	1.48465			
828.868	1.48465	1.48465	1.51436			
830.353	1.51436	1.51436	1.39289			
831.867	1.39289	1.10807	1.18153			
832.975	1.18153	1.18153	1.40189			
834.157	1.40189	1.40189	1.48737			
835.559	1.48737	1.20831	1.27766			
836.767	1.27766	1.27766	1.27033			
838.045	1.27033	1.27033	1.15844			
839.315	1.15844	1.15844	1.05718			
840.473	1.05718	1.05718	1.07675			
841.531	1.07675	1.07675	1.20564			
842.607	1.20564	1.20564	1.2892			
843.813	1.2892	1.2892	1.17869			
845.102	1.17869	0.976992	1.02338			
846.079	1.02338	1.02338	1.21227			
847.103	1.21227	1.21227	1.32723			
848.315	1.32723	1.15718	1.19053			
849.472	1.19053	0.4579	1.26736			
849.93	1.26736	0.751188	0.690873			
850.681	0.690873	0.272092	1.36046			
850.953	1.36046	0.857014	0.785633			
851.81	0.785633	0.785633	1.88216			
852.596	1.88216	1.45731	1.56859			
854.053	1.56859	1.22	1.30526			
855.273	1.30526	1.12186	1.15768			
856.395	1.15768	1.04087	1.057			
857.436	1.057	1.057	0.982493			
858.493	0.982493	0.982493	0.939165			
859.475	0.939165	0.939165	0.907707			
860.415	0.907707	0.907707	0.882913			
861.322	0.882913	0.882913	0.862364			
862.205	0.862364	0.862364	0.845045			
863.068	0.845045	0.845045	0.830514			
863.913	0.830514	0.830514	0.818497			
864.743	0.818497	0.818497	0.808731			
865.562	0.808731	0.808731	0.800931			
866.37	0.800931	0.800931	0.794787			
867.171	0.794787	0.794787	0.78999			
867.966	0.78999	0.78999	0.786239			
868.756	0.786239	0.786239	0.78325			
869.542	0.78325	0.78325	0.78076			
870.326	0.78076	0.78076	0.778528			
871.106	0.778528	0.778528	0.776339			
871.885	0.776339	0.776339	0.774006			
872.661	0.774006	0.774006	0.771381			
873.435	0.771381	0.771381	0.768359			
874.207	0.768359	0.768359	0.764883			
874.975	0.764883	0.764883	0.760941			
875.74	0.760941	0.760941	0.756099			
876.501	0.756099	0.756099	0.754076			
877.257	0.754076	0.754076	0.748851			
878.011	0.748851	0.748851	0.741641			
878.76	0.741641	0.741641	0.735411			
879.501	0.735411	0.735411	0.731313			
880.237	0.731313	0.731313	0.727661			
880.968	0.727661	0.727661	0.722209			
881.696	0.722209	0.722209	0.714965			
882.418	0.714965	0.714965	0.70827			
883.133	0.70827	0.70827	0.704024			
883.841	0.704024	0.704024	0.701318			
884.545	0.701318	0.701318	0.697335			
885.247	0.697335	0.697335	0.690756			
885.944	0.690756	0.690756	0.683676			
886.635	0.683676	0.683676	0.679364			
887.318	0.679364	0.679364	0.678215			
887.998	0.678215	0.678215	0.676761			
888.676	0.676761	0.676761	0.6715			
889.353	0.6715	0.6715	0.66354			
890.024	0.66354	0.66354	0.657965			
890.688	0.657965	0.657965	0.657864			
891.346	0.657864	0.657864	0.659927			
892.004	0.659927	0.659927	0.657425			
892.663	0.657425	0.657425	0.648485			
893.321	0.648485	0.648485	0.639645			
893.969	0.639645	0.639645	0.63871			
894.609	0.63871	0.63871	0.644857			
895.248	0.644857	0.644857	0.647821			
895.893	0.647821	0.647821	0.63933			
896.54	0.63933	0.63933	0.62502			
897.18	0.62502	0.62502	0.619435			
897.805	0.619435	0.619435	0.628623			
898.424	0.628623	0.628623	0.640812			
899.053	0.640812	0.640812	0.637181			
899.694	0.637181	0.637181	0.616349			
900.331	0.616349	0.616349	0.600063			
900.947	0.600063	0.600063	0.607737			
901.547	0.607737	0.607737	0.63231			
902.155	0.63231	0.63231	0.642332			
902.787	0.642332	0.642332	0.61791			
903.43	0.61791	0.61791	0.583472			
904.048	0.583472	0.583472	0.579601			
904.631	0.579601	0.579601	0.61537			
905.211	0.61537	0.61537	0.651956			
905.826	0.651956	0.651956	0.635663			
906.478	0.635663	0.635663	0.576924			
907.114	0.576924	0.576924	0.544994			
907.691	0.544994	0.544994	0.58114			
908.236	0.58114	0.58114	0.655861			
908.817	0.655861	0.655861	0.674782			
909.473	0.674782	0.590722	0.605952			
910.063	0.605952	0.605952	0.612721			
910.669	0.612721	0.612721	0.598162			
911.282	0.598162	0.598162	0.576195			
911.88	0.576195	0.576195	0.572672			
912.456	0.572672	0.572672	0.594392			
913.029	0.594392	0.594392	0.617169			
913.623	0.617169	0.617169	0.608225			
914.24	0.608225	0.608225	0.57211			
914.849	0.57211	0.57211	0.55082			
915.421	0.55082	0.55082	0.572462			
915.972	0.572462	0.572462	0.618128			
916.544	0.618128	0.618128	0.630134			
917.162	0.630134	0.630134	0.582206			
917.792	0.582206	0.582206	0.529784			
918.375	0.529784	0.529784	0.536139			
918.904	0.536139	0.536139	0.604405			
919.44	0.604405	0.604405	0.66131			
920.045	0.66131	0.66131	0.61792			
920.706	0.61792	0.512238	0.535249			
921.218	0.535249	0.535249	0.622521			
921.754	0.622521	0.622521	0.675184			
922.376	0.675184	0.600912	0.612945			
922.977	0.612945	0.612945	0.577097			
923.59	0.577097	0.577097	0.533803			
924.167	0.533803	0.533803	0.535837			
924.701	0.535837	0.535837	0.588788			
925.237	0.588788	0.588788	0.635608			
925.826	0.635608	0.635608	0.605844			
926.461	0.605844	0.524544	0.539941			
926.986	0.539941	0.539941	0.601491			
927.526	0.601491	0.601491	0.638195			
928.127	0.638195	0.638195	0.589035			
928.765	0.589035	0.505976	0.522172			
929.271	0.522172	0.522172	0.605625			
929.794	0.605625	0.605625	0.664515			
930.399	0.664515	0.664515	0.601998			
931.064	0.601998	0.481702	0.509418			
931.545	0.509418	0.509418	0.622492			
932.055	0.622492	0.622492	0.697605			
932.677	0.697605	0.598789	0.61868			
933.276	0.61868	0.61868	0.570738			
933.895	0.570738	0.51067	0.519617			
934.405	0.519617	0.519617	0.591643			
934.925	0.591643	0.591643	0.648954			
935.517	0.648954	0.648954	0.601516			
936.166	0.601516	0.493991	0.517805			
936.66	0.517805	0.517805	0.610317			
937.177	0.610317	0.610317	0.667635			
937.788	0.667635	0.589583	0.603042			
938.377	0.603042	0.603042	0.565025			
938.98	0.565025	0.565025	0.519518			
939.545	0.519518	0.519518	0.522421			
940.065	0.522421	0.522421	0.579219			
940.587	0.579219	0.579219	0.629199			
941.167	0.629199	0.629199	0.597402			
941.796	0.597402	0.511357	0.528426			
942.307	0.528426	0.528426	0.594848			
942.836	0.594848	0.594848	0.63452			
943.43	0.63452	0.63452	0.581868			
944.065	0.581868	0.49339	0.511426			
944.558	0.511426	0.511426	0.601254			
945.07	0.601254	0.601254	0.66484			
945.671	0.66484	0.597341	0.607289			
946.268	0.607289	0.607289	0.557063			
946.876	0.557063	0.557063	0.506953			
947.433	0.506953	0.506953	0.518556			
947.94	0.518556	0.518556	0.590235			
948.458	0.590235	0.590235	0.643739			
949.048	0.643739	0.643739	0.59448			
949.692	0.59448	0.491247	0.513781			
950.183	0.513781	0.513781	0.606703			
950.697	0.606703	0.606703	0.667035			
951.304	0.667035	0.59158	0.604159			
951.895	0.604159	0.604159	0.561942			
952.5	0.561942	0.561942	0.514872			
953.062	0.514872	0.514872	0.521192			
953.576	0.521192	0.521192	0.583888			
954.098	0.583888	0.583888	0.635804			
954.682	0.635804	0.635804	0.597948			
955.317	0.597948	0.505264	0.524415			
955.823	0.524415	0.524415	0.600933			
956.347	0.600933	0.600933	0.648781			
956.948	0.648781	0.648781	0.588976			
957.597	0.588976	0.485514	0.508136			
958.082	0.508136	0.508136	0.612328			
958.59	0.612328	0.612328	0.686224			
959.203	0.686224	0.60333	0.618057			
959.806	0.618057	0.618057	0.564298			
960.424	0.564298	0.506973	0.515072			
960.931	0.515072	0.515072	0.593231			
961.446	0.593231	0.593231	0.659894			
962.039	0.659894	0.659894	0.612044			
962.699	0.612044	0.493246	0.520342			
963.192	0.520342	0.520342	0.619365			
963.713	0.619365	0.619365	0.680418			
964.332	0.680418	0.595647	0.611049			
964.928	0.611049	0.611049	0.572994			
965.539	0.572994	0.572994	0.526127			
966.112	0.526127	0.526127	0.528848			
966.638	0.528848	0.528848	0.588297			
967.167	0.588297	0.588297	0.64284			
967.755	0.64284	0.64284	0.612117			
968.398	0.612117	0.521535	0.53975			
968.92	0.53975	0.53975	0.608357			
969.459	0.608357	0.608357	0.650244			
970.068	0.650244	0.650244	0.597127			
970.718	0.597127	0.506094	0.524616			
971.224	0.524616	0.524616	0.617607			
971.749	0.617607	0.617607	0.686213			
972.366	0.686213	0.686213	0.61877			
973.052	0.61877	0.484507	0.516085			
973.537	0.516085	0.516085	0.641967			
974.053	0.641967	0.641967	0.730031			
974.695	0.730031	0.620662	0.643286			
975.316	0.643286	0.643286	0.586964			
975.959	0.586964	0.517917	0.529437			
976.477	0.529437	0.529437	0.616612			
977.006	0.616612	0.616612	0.690058			
977.623	0.690058	0.690058	0.634915			
978.313	0.634915	0.502207	0.53313			
978.815	0.53313	0.53313	0.64714			
979.348	0.64714	0.64714	0.721858			
979.995	0.721858	0.623004	0.642238			
980.618	0.642238	0.642238	0.595576			
981.261	0.595576	0.595576	0.53864			
981.856	0.53864	0.53864	0.54227			
982.395	0.54227	0.54227	0.61593			
982.937	0.61593	0.61593	0.68654			
983.553	0.68654	0.68654	0.649405			
984.24	0.649405	0.532343	0.558261			
984.772	0.558261	0.558261	0.647369			
985.33	0.647369	0.647369	0.701567			
985.978	0.701567	0.629112	0.639832			
986.607	0.639832	0.639832	0.603086			
987.247	0.603086	0.603086	0.562595			
987.85	0.562595	0.562595	0.570673			
988.412	0.570673	0.570673	0.629939			
988.983	0.629939	0.629939	0.678791			
989.613	0.678791	0.678791	0.644829			
990.292	0.644829	0.559796	0.575513			
990.851	0.575513	0.575513	0.646723			
991.427	0.646723	0.646723	0.697508			
992.074	0.697508	0.697508	0.648489			
992.771	0.648489	0.549135	0.569353			
993.32	0.569353	0.569353	0.663954			
993.89	0.663954	0.663954	0.734767			
994.554	0.734767	0.734767	0.667635			
995.288	0.667635	0.529631	0.561525			
995.818	0.561525	0.561525	0.692297			
996.38	0.692297	0.692297	0.789978			
997.072	0.789978	0.681807	0.702721			
997.754	0.702721	0.702721	0.633439			
998.456	0.633439	0.556816	0.569841			
999.013	0.569841	0.569841	0.676598			
999.583	0.676598	0.676598	0.774886			
1000.26	0.774886	0.774886	0.711403			
1001.03	0.711403	0.540476	0.581618			
1001.57	0.581618	0.581618	0.723914			
1002.16	0.723914	0.723914	0.82143			
1002.88	0.82143	0.692653	0.719644			
1003.57	0.719644	0.719644	0.661586			
1004.29	0.661586	0.587143	0.59893			
1004.88	0.59893	0.59893	0.693071			
1005.48	0.693071	0.693071	0.777983			
1006.17	0.777983	0.777983	0.724412			
1006.95	0.724412	0.577327	0.611135			
1007.53	0.611135	0.611135	0.733823			
1008.14	0.733823	0.733823	0.818177			
1008.87	0.818177	0.717471	0.735268			
1009.59	0.735268	0.735268	0.677677			
1010.32	0.677677	0.677677	0.615388			
1011	0.615388	0.615388	0.628343			
1011.62	0.628343	0.628343	0.722189			
1012.25	0.722189	0.722189	0.805127			
1012.97	0.805127	0.805127	0.752024			
1013.77	0.752024	0.608963	0.641055			
1014.38	0.641055	0.641055	0.761865			
1015.02	0.761865	0.761865	0.846495			
1015.79	0.846495	0.753293	0.768013			
1016.54	0.768013	0.768013	0.706528			
1017.31	0.706528	0.706528	0.645571			
1018.01	0.645571	0.645571	0.664906			
1018.66	0.664906	0.664906	0.764796			
1019.32	0.764796	0.241984	0.478906			
1019.57	0.478906	0.127549	0.601445			
1019.69	0.601445	0.196503	0.193817			
1019.89	0.193817	0.193817	0.406981			
1020.08	0.406981	0.406981	0.465319			
1020.49	0.465319	0.465319	0.689771			
1020.96	0.689771	0.689771	0.951983			
1021.65	0.951983	0.951983	0.92169			
1022.6	0.92169	0.614425	0.692145			
1023.21	0.692145	0.692145	0.852965			
1023.9	0.852965	0.852965	0.903285			
1024.76	0.903285	0.742954	0.778495			
1025.5	0.778495	0.778495	0.794957			
1026.28	0.794957	0.794957	0.774647			
1027.07	0.774647	0.774647	0.746852			
1027.85	0.746852	0.746852	0.754223			
1028.6	0.754223	0.754223	0.803222			
1029.35	0.803222	0.803222	0.848943			
1030.15	0.848943	0.848943	0.835252			
1031	0.835252	0.835252	0.776633			
1031.84	0.776633	0.776633	0.750057			
1032.61	0.750057	0.750057	0.802197			
1033.36	0.802197	0.802197	0.897464			
1034.17	0.897464	0.470612	1.00836			
1034.64	1.00836	0.337299	0.303846			
1034.97	0.303846	0.303846	0.783154			
1035.28	0.783154	0.783154	0.920201			
1036.06	0.920201	0.920201	0.977891			
1036.98	0.977891	0.856574	0.878051			
1037.84	0.878051	0.878051	0.865568			
1038.72	0.865568	0.865568	0.840099			
1039.58	0.840099	0.840099	0.84258			
1040.42	0.84258	0.84258	0.8838			
1041.26	0.8838	0.8838	0.926008			
1042.15	0.926008	0.926008	0.921646			
1043.07	0.921646	0.921646	0.881217			
1044	0.881217	0.881217	0.864938			
1044.88	0.864938	0.864938	0.907217			
1045.74	0.907217	0.907217	0.972794			
1046.65	0.972794	0.972794	0.98705			
1047.62	0.98705	0.98705	0.937209			
1048.61	0.937209	0.937209	0.897709			
1049.55	0.897709	0.897709	0.931614			
1050.44	0.931614	0.931614	1.01573			
1051.37	1.01573	1.01573	1.05477			
1052.39	1.05477	1.05477	1.00597			
1053.45	1.00597	1.00597	0.947113			
1054.45	0.947113	0.947113	0.966702			
1055.4	0.966702	0.966702	1.05836			
1056.37	1.05836	1.05836	1.1182			
1057.42	1.1182	1.1182	1.08025			
1058.54	1.08025	1.08025	1.01494			
1059.62	1.01494	1.01494	1.02267			
1060.64	1.02267	1.02267	1.10987			
1061.66	1.10987	1.10987	1.17694			
1062.77	1.17694	1.17694	1.15357			
1063.95	1.15357	1.15357	1.09854			
1065.1	1.09854	1.09854	1.10436			
1066.2	1.10436	1.10436	1.1787			
1067.3	1.1787	1.1787	1.23749			
1068.48	1.23749	1.23749	1.2272			
1069.72	1.2272	1.2272	1.19539			
1070.95	1.19539	1.19539	1.20914			
1072.14	1.20914	1.20914	1.26686			
1073.35	1.26686	1.26686	1.30928			
1074.62	1.30928	1.30928	1.31036			
1075.93	1.31036	1.31036	1.30433			
1077.24	1.30433	1.30433	1.30949			
1078.54	1.30949	1.1429	1.17009			
1079.68	1.17009	1.17009	1.22604			
1080.85	1.22604	1.22604	1.24773			
1082.08	1.24773	1.24773	1.20598			
1083.33	1.20598	1.20598	1.15493			
1084.53	1.15493	1.15493	1.16487			
1085.69	1.16487	1.16487	1.2389			
1086.85	1.2389	1.2389	1.298			
1088.09	1.298	1.298	1.26321			
1089.39	1.26321	1.26321	1.17576			
1090.65	1.17576	1.17576	1.14879			
1091.83	1.14879	1.14879	1.22916			
1092.98	1.22916	0.340467	1.55593			
1093.32	1.55593	0.512341	1.8378			
1093.83	1.8378	0.0794221	0.397111			
1093.91	0.397111	0.0525188	0.262594			
1093.96	0.262594	0.0339089	0.169544			
1094	0.169544	0.0471815	0.0425356			
1094.04	0.0425356	0.0425356	0.212678			
1094.09	0.212678	0.212678	1.06339			
1094.3	1.06339	0.372811	1.54009			
1094.67	1.54009	0.282111	1.41055			
1094.95	1.41055	0.0338991	0.169496			
1094.99	0.169496	0.0489081	0.044323			
1095.04	0.044323	0.044323	0.221615			
1095.08	0.221615	0.221615	1.10807			
1095.3	1.10807	1.10807	1.5006			
1096.41	1.5006	1.5006	1.7998			
1097.91	1.7998	1.7998	1.84261			
1099.71	1.84261	1.84261	1.81584			
1101.55	1.81584	1.06924	1.24528			
1102.62	1.24528	1.24528	1.50551			
1103.87	1.50551	1.50551	1.49867			
1105.37	1.49867	1.16495	1.2403			
1106.54	1.2403	1.2403	1.38193			
1107.78	1.38193	1.38193	1.4134			
1109.16	1.4134	1.4134	1.27239			
1110.58	1.27239	1.13605	1.15473			
1111.71	1.15473	1.15473	1.34941			
1112.87	1.34941	1.34941	1.51438			
1114.22	1.51438	1.51438	1.39646			
1115.73	1.39646	1.1142	1.17576			
1116.84	1.17576	1.17576	1.40551			
1118.02	1.40551	1.40551	1.54316			
1119.43	1.54316	1.34919	1.3833			
1120.77	1.3833	1.3833	1.29968			
1122.16	1.29968	1.29968	1.198			
1123.46	1.198	1.198	1.20347			
1124.66	1.20347	1.20347	1.32631			
1125.86	1.32631	1.32631	1.43143			
1127.19	1.43143	1.43143	1.36219			
1128.62	1.36219	1.18466	1.21593			
1129.8	1.21593	1.21593	1.34969			
1131.02	1.34969	1.34969	1.42912			
1132.37	1.42912	1.42912	1.32497			
1133.8	1.32497	1.15176	1.1823			
1134.95	1.1823	1.1823	1.35071			
1136.13	1.35071	1.35071	1.46495			
1137.48	1.46495	1.46495	1.33959			
1138.95	1.33959	1.10665	1.15562			
1140.05	1.15562	1.15562	1.37017			
1141.21	1.37017	1.37017	1.5055			
1142.58	1.5055	1.32621	1.35693			
1143.9	1.35693	1.35693	1.2645			
1145.26	1.2645	1.2645	1.15579			
1146.53	1.15579	1.15579	1.16041			
1147.68	1.16041	1.16041	1.28726			
1148.84	1.28726	1.28726	1.39446			
1150.13	1.39446	1.39446	1.31736			
1151.52	1.31736	1.12645	1.16318			
1152.65	1.16318	1.16318	1.30985			
1153.81	1.30985	1.30985	1.39236			
1155.12	1.39236	1.39236	1.27126			
1156.52	1.27126	1.07936	1.11676			
1157.59	1.11676	1.11676	1.31029			
1158.71	1.31029	1.31029	1.44188			
1160.02	1.44188	1.29383	1.31515			
1161.32	1.31515	1.31515	1.21403			
1162.63	1.21403	1.21403	1.11209			
1163.85	1.11209	1.11209	1.13377			
1164.96	1.13377	1.13377	1.27332			
1166.09	1.27332	1.27332	1.37413			
1167.36	1.37413	1.37413	1.28098			
1168.74	1.28098	1.09448	1.12911			
1169.83	1.12911	1.12911	1.29391			
1170.96	1.29391	1.29391	1.40248			
1172.26	1.40248	1.40248	1.28205			
1173.66	1.28205	1.06599	1.10902			
1174.72	1.10902	1.10902	1.31089			
1175.83	1.31089	1.31089	1.4496			
1177.14	1.4496	1.22415	1.26992			
1178.37	1.26992	1.26992	1.21592			
1179.64	1.21592	1.21592	1.16534			
1180.85	1.16534	1.16534	1.22014			
1182.02	1.22014	1.22014	1.36568			
1183.24	1.36568	1.36568	1.48914			
1184.61	1.48914	1.48914	1.53506			
1186.09	1.53506	1.53506	1.57807			
1187.63	1.57807	1.57807	1.52253			
1189.21	1.52253	1.52253	1.47388			
1190.73	1.47388	1.47388	1.46361			
1192.2	1.46361	1.46361	1.45788			
1193.67	1.45788	1.45788	1.46957			
1195.13	1.46957	1.46957	1.49696			
1196.6	1.49696	1.49696	1.53525			
1198.09	1.53525	1.53525	1.58351			
1199.63	1.58351	1.58351	1.64112			
1201.21	1.64112	1.64112	1.70734			
1202.85	1.70734	1.34745	1.44066			
1204.2	1.44066	1.27795	1.30775			
1205.48	1.30775	1.30775	1.23243			
1206.79	1.23243	1.23243	1.11641			
1208.02	1.11641	1.11641	1.08396			
1209.13	1.08396	1.08396	1.17559			
1210.22	1.17559	1.17559	1.29359			
1211.39	1.29359	1.29359	1.26323			
1212.69	1.26323	1.07691	1.1169			
1213.76	1.1169	1.1169	1.21125			
1214.88	1.21125	0.650701	0.612752			
1215.53	0.612752	0.409821	2.0491			
1215.94	2.0491	0.909213	0.828301			
1216.85	0.828301	0.828301	2.97749			
1217.68	2.97749	1.79335	2.16463			
1219.47	2.16463	1.43703	1.62915			
1220.91	1.62915	1.32781	1.39855			
1222.24	1.39855	1.20636	1.24397			
1223.44	1.24397	1.24397	1.12187			
1224.69	1.12187	1.12187	1.04471			
1225.81	1.04471	1.04471	0.98924			
1226.85	0.98924	0.98924	0.945819			
1227.84	0.945819	0.945819	0.910682			
1228.79	0.910682	0.910682	0.881944			
1229.7	0.881944	0.881944	0.858525			
1230.58	0.858525	0.858525	0.839675			
1231.44	0.839675	0.839675	0.824777			
1232.28	0.824777	0.824777	0.813279			
1233.1	0.813279	0.813279	0.80467			
1233.92	0.80467	0.80467	0.798482			
1234.72	0.798482	0.798482	0.794283			
1235.52	0.794283	0.794283	0.791674			
1236.32	0.791674	0.791674	0.790282			
1237.11	0.790282	0.790282	0.789753			
1237.9	0.789753	0.789753	0.789751			
1238.69	0.789751	0.789751	0.789957			
1239.48	0.789957	0.789957	0.790077			
1240.27	0.790077	0.790077	0.789853			
1241.06	0.789853	0.789853	0.789079			
1241.85	0.789079	0.789079	0.78762			
1242.64	0.78762	0.78762	0.785417			
1243.42	0.785417	0.785417	0.78226			
1244.21	0.78226	0.78226	0.779564			
1244.99	0.779564	0.779564	0.775935			
1245.77	0.775935	0.775935	0.771249			
1246.55	0.771249	0.771249	0.766074			
1247.32	0.766074	0.766074	0.761094			
1248.08	0.761094	0.761094	0.756445			
1248.85	0.756445	0.756445	0.751695			
1249.6	0.751695	0.751695	0.746464			
1250.35	0.746464	0.746464	0.740979			
1251.1	0.740979	0.740979	0.735894			
1251.84	0.735894	0.735894	0.73155			
1252.58	0.73155	0.73155	0.727536			
1253.31	0.727536	0.727536	0.723132			
1254.04	0.723132	0.723132	0.718211			
1254.76	0.718211	0.718211	0.71351			
1255.48	0.71351	0.71351	0.709821			
1256.19	0.709821	0.709821	0.706962			
1256.9	0.706962	0.706962	0.703826			
1257.61	0.703826	0.703826	0.699651			
1258.31	0.699651	0.699651	0.6951			
1259.01	0.6951	0.6951	0.691659			
1259.71	0.691659	0.691659	0.689837			
1260.4	0.689837	0.689837	0.688273			
1261.09	0.688273	0.688273	0.685134			
1261.78	0.685134	0.685134	0.68045			
1262.46	0.68045	0.68045	0.676474			
1263.14	0.676474	0.676474	0.675165			
1263.82	0.675165	0.675165	0.675486			
1264.49	0.675486	0.675486	0.67411			
1265.17	0.67411	0.67411	0.669362			
1265.84	0.669362	0.669362	0.66384			
1266.51	0.66384	0.66384	0.661838			
1267.18	0.661838	0.661838	0.664014			
1267.84	0.664014	0.664014	0.665721			
1268.5	0.665721	0.665721	0.661953			
1269.17	0.661953	0.661953	0.654068			
1269.83	0.654068	0.654068	0.649304			
1270.48	0.649304	0.649304	0.652339			
1271.13	0.652339	0.652339	0.658667			
1271.78	0.658667	0.658667	0.658364			
1272.44	0.658364	0.658364	0.648267			
1273.1	0.648267	0.648267	0.63786			
1273.75	0.63786	0.63786	0.638897			
1274.39	0.638897	0.638897	0.650671			
1275.03	0.650671	0.650671	0.658118			
1275.68	0.658118	0.658118	0.648324			
1276.34	0.648324	0.648324	0.629307			
1276.98	0.629307	0.629307	0.622814			
1277.61	0.622814	0.622814	0.638321			
1278.24	0.638321	0.638321	0.659005			
1278.87	0.659005	0.659005	0.65634			
1279.53	0.65634	0.65634	0.627571			
1280.19	0.627571	0.627571	0.605135			
1280.82	0.605135	0.605135	0.617655			
1281.42	0.617655	0.617655	0.655681			
1282.04	0.655681	0.655681	0.673067			
1282.7	0.673067	0.673067	0.639087			
1283.37	0.639087	0.639087	0.590524			
1284.01	0.590524	0.590524	0.586103			
1284.6	0.586103	0.586103	0.638888			
1285.18	0.638888	0.638888	0.694413			
1285.82	0.694413	0.694413	0.672361			
1286.52	0.672361	0.585394	0.601446			
1287.1	0.601446	0.601446	0.656342			
1287.7	0.656342	0.656342	0.685494			
1288.36	0.685494	0.685494	0.639465			
1289.05	0.639465	0.568848	0.580007			
1289.62	0.580007	0.580007	0.654028			
1290.2	0.654028	0.654028	0.710012			
1290.85	0.710012	0.710012	0.65906			
1291.56	0.65906	0.549826	0.573207			
1292.11	0.573207	0.573207	0.669909			
1292.68	0.669909	0.669909	0.73234			
1293.35	0.73234	0.653692	0.666091			
1294.01	0.666091	0.666091	0.620755			
1294.67	0.620755	0.620755	0.57042			
1295.29	0.57042	0.57042	0.576855			
1295.86	0.576855	0.576855	0.643155			
1296.44	0.643155	0.643155	0.697771			
1297.08	0.697771	0.697771	0.656925			
1297.78	0.656925	0.557717	0.577951			
1298.34	0.577951	0.577951	0.659461			
1298.92	0.659461	0.659461	0.710079			
1299.58	0.710079	0.710079	0.645532			
1300.29	0.645532	0.534166	0.558364			
1300.82	0.558364	0.558364	0.67005			
1301.38	0.67005	0.67005	0.748488			
1302.05	0.748488	0.658798	0.674654			
1302.71	0.674654	0.674654	0.61734			
1303.38	0.61734	0.555537	0.56412			
1303.94	0.56412	0.56412	0.646863			
1304.5	0.646863	0.646863	0.716334			
1305.15	0.716334	0.716334	0.664571			
1305.87	0.664571	0.538896	0.567337			
1306.4	0.567337	0.567337	0.672229			
1306.97	0.672229	0.672229	0.736049			
1307.64	0.736049	0.646004	0.662159			
1308.29	0.662159	0.662159	0.622056			
1308.95	0.622056	0.622056	0.572224			
1309.57	0.572224	0.572224	0.574235			
1310.15	0.574235	0.574235	0.635732			
1310.72	0.635732	0.635732	0.691954			
1311.36	0.691954	0.691954	0.659825			
1312.05	0.659825	0.56619	0.584574			
1312.61	0.584574	0.584574	0.654479			
1313.2	0.654479	0.654479	0.696161			
1313.85	0.696161	0.696161	0.641459			
1314.55	0.641459	0.549504	0.567572			
1315.1	0.567572	0.567572	0.661107			
1315.67	0.661107	0.661107	0.728691			
1316.33	0.728691	0.728691	0.660833			
1317.06	0.660833	0.527228	0.558058			
1317.58	0.558058	0.558058	0.682854			
1318.14	0.682854	0.682854	0.76684			
1318.82	0.76684	0.66012	0.681279			
1319.48	0.681279	0.681279	0.627145			
1320.17	0.627145	0.56211	0.571571			
1320.73	0.571571	0.571571	0.652924			
1321.3	0.652924	0.652924	0.720318			
1321.95	0.720318	0.720318	0.669741			
1322.67	0.669741	0.548131	0.575174			
1323.22	0.575174	0.575174	0.677917			
1323.8	0.677917	0.677917	0.742459			
1324.47	0.742459	0.657737	0.67193			
1325.13	0.67193	0.67193	0.628636			
1325.8	0.628636	0.628636	0.579069			
1326.43	0.579069	0.579069	0.585297			
1327.01	0.585297	0.585297	0.651711			
1327.6	0.651711	0.651711	0.708151			
1328.25	0.708151	0.708151	0.670147			
1328.96	0.670147	0.572116	0.59167			
1329.53	0.59167	0.59167	0.670946			
1330.12	0.670946	0.670946	0.721795			
1330.79	0.721795	0.721795	0.661845			
1331.51	0.661845	0.554544	0.577117			
1332.07	0.577117	0.577117	0.684152			
1332.64	0.684152	0.684152	0.761699			
1333.33	0.761699	0.681503	0.693784			
1334.01	0.693784	0.693784	0.633023			
1334.7	0.633023	0.633023	0.573228			
1335.34	0.573228	0.573228	0.588728			
1335.91	0.588728	0.588728	0.67815			
1336.5	0.67815	0.67815	0.747006			
1337.18	0.747006	0.747006	0.68656			
1337.92	0.68656	0.55593	0.585407			
1338.48	0.585407	0.585407	0.703862			
1339.07	0.703862	0.703862	0.78493			
1339.77	0.78493	0.687642	0.705178			
1340.46	0.705178	0.705178	0.64912			
1341.16	0.64912	0.64912	0.587032			
1341.81	0.587032	0.587032	0.596189			
1342.4	0.596189	0.596189	0.682144			
1342.99	0.682144	0.682144	0.757697			
1343.68	0.757697	0.757697	0.707754			
1344.43	0.707754	0.575324	0.605045			
1345.01	0.605045	0.605045	0.714391			
1345.61	0.714391	0.714391	0.785281			
1346.33	0.785281	0.695541	0.710469			
1347.02	0.710469	0.710469	0.662041			
1347.74	0.662041	0.662041	0.6081			
1348.4	0.6081	0.6081	0.617071			
1349.01	0.617071	0.617071	0.693848			
1349.62	0.693848	0.693848	0.760306			
1350.32	0.760306	0.760306	0.716721			
1351.08	0.716721	0.600693	0.625085			
1351.68	0.625085	0.625085	0.721014			
1352.3	0.721014	0.721014	0.785973			
1353.02	0.785973	0.785973	0.713639			
1353.81	0.713639	0.578814	0.609019			
1354.39	0.609019	0.609019	0.744005			
1355	0.744005	0.744005	0.848615			
1355.74	0.848615	0.742496	0.761633			
1356.48	0.761633	0.680606	0.692888			
1357.16	0.692888	0.692888	0.700641			
1357.86	0.700641	0.700641	0.694964			
1358.56	0.694964	0.694964	0.683296			
1359.25	0.683296	0.683296	0.682658			
1359.94	0.682658	0.682658	0.699333			
1360.62	0.699333	0.699333	0.718526			
1361.32	0.718526	0.718526	0.717739			
1362.04	0.717739	0.717739	0.696441			
1362.75	0.696441	0.696441	0.681987			
1363.45	0.681987	0.681987	0.697791			
1364.13	0.697791	0.697791	0.734255			
1364.83	0.734255	0.734255	0.751098			
1365.56	0.751098	0.751098	0.722958			
1366.32	0.722958	0.722958	0.682642			
1367.04	0.682642	0.682642	0.683403			
1367.72	0.683403	0.683403	0.737404			
1368.41	0.737404	0.737404	0.793421			
1369.14	0.793421	0.793421	0.775647			
1369.94	0.775647	0.696635	0.707814			
1370.63	0.707814	0.707814	0.758379			
1371.34	0.758379	0.758379	0.796444			
1372.1	0.796444	0.796444	0.768195			
1372.9	0.768195	0.768195	0.703541			
1373.66	0.703541	0.703541	0.684534			
1374.37	0.684534	0.684534	0.747887			
1375.05	0.747887	0.747887	0.843146			
1375.8	0.843146	0.843146	0.849534			
1376.64	0.849534	0.733043	0.755192			
1377.38	0.755192	0.755192	0.796776			
1378.13	0.796776	0.796776	0.81157			
1378.93	0.81157	0.81157	0.77683			
1379.74	0.77683	0.77683	0.735149			
1380.52	0.735149	0.735149	0.743807			
1381.25	0.743807	0.743807	0.809357			
1381.99	0.809357	0.809357	0.867801			
1382.8	0.867801	0.867801	0.838208			
1383.67	0.838208	0.378198	0.399908			
1384.05	0.399908	0.399908	0.487263			
1384.45	0.487263	0.226108	0.710908			
1384.68	0.710908	0.158267	0.145154			
1384.83	0.145154	0.145154	0.338038			
1384.98	0.338038	0.338038	0.366169			
1385.32	0.366169	0.366169	0.51396			
1385.68	0.51396	0.51396	0.720948			
1386.2	0.720948	0.720948	0.995288			
1386.92	0.995288	0.995288	0.966767			
1387.91	0.966767	0.702905	0.768308			
1388.62	0.768308	0.768308	0.925224			
1389.39	0.925224	0.925224	1.01772			
1390.31	1.01772	0.909469	0.924991			
1391.22	0.924991	0.924991	0.867424			
1392.14	0.867424	0.867424	0.809607			
1393.01	0.809607	0.809607	0.834719			
1393.82	0.834719	0.834719	0.965847			
1394.66	0.965847	0.965847	1.16581			
1395.62	1.16581	1.16581	1.41017			
1396.79	1.41017	1.03656	1.14771			
1397.82	1.14771	0.768721	0.866543			
1398.59	0.866543	0.866543	0.972991			
1399.46	0.972991	0.196678	0.983391			
1399.66	0.983391	0.320264	0.291318			
1399.98	0.291318	0.291318	0.654528			
1400.27	0.654528	0.654528	0.761425			
1400.92	0.761425	0.761425	1.08136			
1401.68	1.08136	1.08136	1.3149			
1402.77	1.3149	1.01378	1.0872			
1403.78	1.0872	0.971938	0.989306			
1404.75	0.989306	0.989306	0.955572			
1405.74	0.955572	0.955572	0.919491			
1406.7	0.919491	0.919491	0.937682			
1407.62	0.937682	0.937682	1.0065			
1408.55	1.0065	1.0065	1.05414			
1409.56	1.05414	1.05414	1.02226			
1410.61	1.02226	1.02226	0.958211			
1411.64	0.958211	0.958211	0.953823			
1412.59	0.953823	0.953823	1.03356			
1413.55	1.03356	1.03356	1.11724			
1414.58	1.11724	1.11724	1.10207			
1415.7	1.10207	1.10207	1.01672			
1416.8	1.01672	1.01672	0.983413			
1417.82	0.983413	0.983413	1.06037			
1418.8	1.06037	1.06037	1.17224			
1419.86	1.17224	1.17224	1.18258			
1421.03	1.18258	1.18258	1.09235			
1422.22	1.09235	1.09235	1.03712			
1423.31	1.03712	1.03712	1.10148			
1424.35	1.10148	1.10148	1.22242			
1425.45	1.22242	1.22242	1.25321			
1426.67	1.25321	1.25321	1.17587			
1427.92	1.17587	1.17587	1.11737			
1429.1	1.11737	1.11737	1.16779			
1430.22	1.16779	1.16779	1.27547			
1431.38	1.27547	1.27547	1.31042			
1432.66	1.31042	1.31042	1.25311			
1433.97	1.25311	1.25311	1.20149			
1435.22	1.20149	1.20149	1.08488			
1436.42	1.08488	1.08488	1.04279			
1437.51	1.04279	1.04279	1.1392			
1438.55	1.1392	1.1392	1.28746			
1439.69	1.28746	1.28746	1.29735			
1440.98	1.29735	1.13263	1.1592			
1442.11	1.1592	1.1592	1.20899			
1443.27	1.20899	1.20899	1.22613			
1444.48	1.22613	1.22613	1.18815			
1445.71	1.18815	1.18815	1.145			
1446.89	1.145	1.145	1.15745			
1448.04	1.15745	1.15745	1.22454			
1449.2	1.22454	1.22454	1.27415			
1450.42	1.27415	1.27415	1.2406			
1451.7	1.2406	1.2406	1.16485			
1452.94	1.16485	1.16485	1.146			
1454.1	1.146	1.146	1.22109			
1455.25	1.22109	1.22109	1.3177			
1456.47	1.3177	1.3177	1.31201			
1457.79	1.31201	0.352726	1.4001			
1458.14	1.4001	0.376571	1.72345			
1458.51	1.72345	0.438081	2.1344			
1458.95	2.1344	0.0348933	0.174467			
1458.99	0.174467	0.0475632	0.0428324			
1459.04	0.0428324	0.0428324	0.214162			
1459.08	0.214162	0.214162	1.07081			
1459.29	1.07081	0.375323	1.52196			
1459.67	1.52196	0.279598	1.39799			
1459.95	1.39799	0.0399	0.1995			
1459.99	0.1995	0.0462489	0.0425059			
1460.03	0.0425059	0.0425059	0.21253			
1460.08	0.21253	0.21253	1.06265			
1460.29	1.06265	1.06265	1.51382			
1461.35	1.51382	1.51382	1.85434			
1462.86	1.85434	1.85434	1.93583			
1464.72	1.93583	1.93583	1.86518			
1466.66	1.86518	0.95875	1.15774			
1467.61	1.15774	1.15774	1.55027			
1468.77	1.55027	1.55027	1.66374			
1470.32	1.66374	1.20743	1.31599			
1471.53	1.31599	1.31599	1.39012			
1472.85	1.39012	1.39012	1.32182			
1474.24	1.32182	1.32182	1.19172			
1475.56	1.19172	1.19172	1.16199			
1476.75	1.16199	1.16199	1.28415			
1477.91	1.28415	1.28415	1.4394			
1479.2	1.4394	1.4394	1.41556			
1480.63	1.41556	1.21001	1.24866			
1481.84	1.24866	1.24866	1.34852			
1483.09	1.34852	1.34852	1.38948			
1484.44	1.38948	1.38948	1.30315			
1485.83	1.30315	1.30315	1.19277			
1487.13	1.19277	1.19277	1.19413			
1488.33	1.19413	1.19413	1.32322			
1489.52	1.32322	1.32322	1.44078			
1490.84	1.44078	1.44078	1.37337			
1492.29	1.37337	1.18143	1.21686			
1493.47	1.21686	1.21686	1.35519			
1494.68	1.35519	1.35519	1.43393			
1496.04	1.43393	1.43393	1.32371			
1497.47	1.32371	1.14699	1.17844			
1498.62	1.17844	1.17844	1.35461			
1499.8	1.35461	1.35461	1.47636			
1501.15	1.47636	1.47636	1.34606			
1502.63	1.34606	1.10064	1.15306			
1503.73	1.15306	1.15306	1.37739			
1504.88	1.37739	1.37739	1.51905			
1506.26	1.51905	1.32864	1.36272			
1507.59	1.36272	1.36272	1.26859			
1508.95	1.26859	1.26859	1.15521			
1510.22	1.15521	1.15521	1.15754			
1511.38	1.15754	1.15754	1.2874			
1512.53	1.2874	1.2874	1.40074			
1513.82	1.40074	1.40074	1.324			
1515.22	1.324	1.12487	1.16409			
1516.35	1.16409	1.16409	1.31369			
1517.51	1.31369	1.31369	1.39524			
1518.82	1.39524	1.39524	1.26891			
1520.22	1.26891	1.07353	1.11212			
1521.29	1.11212	1.11212	1.31205			
1522.4	1.31205	1.31205	1.44784			
1523.72	1.44784	1.29105	1.31531			
1525.01	1.31531	1.31531	1.21289			
1526.32	1.21289	1.21289	1.10582			
1527.54	1.10582	1.10582	1.12339			
1528.64	1.12339	1.12339	1.26388			
1529.76	1.26388	1.26388	1.37059			
1531.03	1.37059	1.37059	1.27953			
1532.4	1.27953	1.08642	1.12329			
1533.49	1.12329	1.12329	1.2894			
1534.61	1.2894	1.2894	1.39674			
1535.9	1.39674	1.39674	1.27491			
1537.3	1.27491	1.0614	1.10374			
1538.36	1.10374	1.10374	1.30786			
1539.46	1.30786	1.30786	1.44528			
1540.77	1.44528	1.29181	1.3148			
1542.06	1.3148	1.17187	1.19254			
1543.23	1.19254	1.19254	1.21105			
1544.42	1.21105	1.21105	1.22754			
1545.64	1.22754	1.22754	1.25962			
1546.86	1.25962	1.25962	1.32035			
1548.12	1.32035	1.32035	1.40453			
1549.44	1.40453	1.40453	1.49974			
1550.85	1.49974	1.49974	1.58378			
1552.35	1.58378	1.58378	1.52653			
1553.93	1.52653	1.52653	1.51882			
1555.46	1.51882	1.51882	1.53968			
1556.98	1.53968	1.53968	1.55467			
1558.52	1.55467	1.55467	1.58522			
1560.07	1.58522	1.58522	1.53077			
1561.66	1.53077	1.21154	1.29485			
1562.87	1.29485	1.29485	1.44996			
1564.16	1.44996	1.44996	1.44042			
1565.61	1.44042	1.1763	1.24113			
1566.79	1.24113	1.24113	1.33053			
1568.03	1.33053	1.33053	1.29913			
1569.36	1.29913	1.13283	1.16587			
1570.49	1.16587	1.16587	1.24098			
1571.66	1.24098	1.24098	1.2488			
1572.9	1.2488	1.2488	1.14431			
1574.15	1.14431	1.14431	1.03625			
1575.29	1.03625	1.03625	1.04472			
1576.33	1.04472	1.04472	1.17342			
1577.37	1.17342	1.17342	1.27772			
1578.55	1.27772	1.27772	1.1851			
1579.83	1.1851	0.665505	0.643611			
1580.49	0.643611	0.442365	1.70379			
1580.93	1.70379	1.02615	0.935383			
1581.96	0.935383	0.935383	2.52042			
1582.89	2.52042	2.52042	2.66066			
1585.42	2.66066	0.890178	1.23187			
1586.31	1.23187	1.23187	1.54116			
1587.54	1.54116	1.24829	1.31569			
1588.79	1.31569	1.07671	1.1289			
1589.86	1.1289	1.1289	1.15369			
1590.99	1.15369	1.15369	1.12253			
1592.14	1.12253	1.12253	1.0816			
1593.27	1.0816	0.966533	0.981937			
1594.23	0.981937	0.981937	0.88715			
1595.22	0.88715	0.88715	0.84989			
1596.1	0.84989	0.84989	0.835916			
1596.95	0.835916	0.835916	0.829863			
1597.79	0.829863	0.829863	0.823895			
1598.62	0.823895	0.823895	0.816426			
1599.44	0.816426	0.816426	0.808673			
1600.26	0.808673	0.808673	0.802141			
1601.07	0.802141	0.802141	0.797688			
1601.87	0.797688	0.797688	0.795568			
1602.67	0.795568	0.795568	0.795818			
1603.46	0.795818	0.795818	0.798032			
1604.26	0.798032	0.798032	0.802029			
1605.06	0.802029	0.802029	0.807403			
1605.86	0.807403	0.807403	0.813729			
1606.67	0.813729	0.813729	0.820551			
1607.48	0.820551	0.820551	0.827378			
1608.3	0.827378	0.827378	0.833694			
1609.13	0.833694	0.833694	0.838999			
1609.96	0.838999	0.838999	0.842871			
1610.8	0.842871	0.842871	0.84504			
1611.64	0.84504	0.84504	0.845445			
1612.49	0.845445	0.845445	0.844867			
1613.33	0.844867	0.844867	0.84461			
1614.18	0.84461	0.84461	0.841133			
1615.02	0.841133	0.841133	0.835547			
1615.86	0.835547	0.835547	0.830319			
1616.7	0.830319	0.830319	0.826776			
1617.53	0.826776	0.826776	0.823782			
1618.36	0.823782	0.823782	0.819145			
1619.18	0.819145	0.819145	0.81242			
1620	0.81242	0.81242	0.805846			
1620.81	0.805846	0.805846	0.801974			
1621.62	0.801974	0.801974	0.800468			
1622.42	0.800468	0.800468	0.798008			
1623.22	0.798008	0.798008	0.792039			
1624.02	0.792039	0.792039	0.784356			
1624.81	0.784356	0.784356	0.779637			
1625.6	0.779637	0.779637	0.77987			
1626.37	0.77987	0.77987	0.78115			
1627.15	0.78115	0.78115	0.777433			
1627.94	0.777433	0.777433	0.768182			
1628.71	0.768182	0.768182	0.760352			
1629.48	0.760352	0.760352	0.760713			
1630.24	0.760713	0.760713	0.766891			
1631	0.766891	0.766891	0.768311			
1631.77	0.768311	0.768311	0.758346			
1632.54	0.758346	0.758346	0.744453			
1633.3	0.744453	0.744453	0.740964			
1634.04	0.740964	0.740964	0.751742			
1634.78	0.751742	0.751742	0.762897			
1635.53	0.762897	0.762897	0.756404			
1636.3	0.756404	0.756404	0.734302			
1637.05	0.734302	0.734302	0.720175			
1637.79	0.720175	0.720175	0.731557			
1638.51	0.731557	0.731557	0.757164			
1639.24	0.757164	0.757164	0.763458			
1640	0.763458	0.763458	0.73474			
1640.76	0.73474	0.73474	0.700866			
1641.49	0.700866	0.700866	0.702579			
1642.19	0.702579	0.702579	0.743526			
1642.9	0.743526	0.743526	0.777683			
1643.64	0.777683	0.777683	0.752975			
1644.42	0.752975	0.752975	0.690518			
1645.17	0.690518	0.690518	0.664307			
1645.86	0.664307	0.664307	0.711312			
1646.53	0.711312	0.711312	0.789629			
1647.24	0.789629	0.789629	0.796506			
1648.03	0.796506	0.700468	0.717291			
1648.73	0.717291	0.717291	0.741769			
1649.45	0.741769	0.741769	0.740936			
1650.19	0.740936	0.740936	0.709074			
1650.93	0.709074	0.709074	0.682028			
1651.64	0.682028	0.682028	0.694148			
1652.32	0.694148	0.694148	0.737448			
1653.01	0.737448	0.737448	0.760376			
1653.75	0.760376	0.760376	0.724446			
1654.51	0.724446	0.724446	0.668			
1655.24	0.668	0.668	0.659336			
1655.9	0.659336	0.659336	0.717309			
1656.56	0.717309	0.717309	0.783554			
1657.28	0.783554	0.783554	0.764297			
1658.06	0.764297	0.666122	0.684152			
1658.73	0.684152	0.684152	0.740005			
1659.41	0.740005	0.740005	0.767281			
1660.15	0.767281	0.767281	0.719281			
1660.92	0.719281	0.719281	0.650181			
1661.64	0.650181	0.650181	0.64376			
1662.29	0.64376	0.64376	0.718813			
1662.93	0.718813	0.718813	0.800465			
1663.65	0.800465	0.800465	0.770469			
1664.45	0.770469	0.643455	0.670692			
1665.1	0.670692	0.670692	0.752285			
1665.77	0.752285	0.752285	0.792227			
1666.52	0.792227	0.792227	0.720832			
1667.31	0.720832	0.617551	0.637818			
1667.93	0.637818	0.637818	0.753025			
1668.57	0.753025	0.753025	0.840209			
1669.32	0.840209	0.840209	0.757036			
1670.16	0.757036	0.587809	0.628047			
1670.75	0.628047	0.628047	0.782341			
1671.38	0.782341	0.782341	0.884596			
1672.16	0.884596	0.745584	0.775272			
1672.9	0.775272	0.775272	0.714805			
1673.68	0.714805	0.63393	0.646982			
1674.31	0.646982	0.646982	0.740964			
1674.96	0.740964	0.740964	0.815374			
1675.7	0.815374	0.815374	0.753474			
1676.52	0.753474	0.614565	0.645645			
1677.13	0.645645	0.645645	0.766745			
1677.78	0.766745	0.766745	0.843988			
1678.54	0.843988	0.742957	0.760719			
1679.29	0.760719	0.760719	0.709309			
1680.05	0.709309	0.709309	0.649435			
1680.76	0.649435	0.649435	0.65533			
1681.41	0.65533	0.65533	0.733325			
1682.06	0.733325	0.733325	0.801312			
1682.8	0.801312	0.801312	0.757308			
1683.6	0.757308	0.640043	0.66425			
1684.24	0.66425	0.66425	0.757369			
1684.9	0.757369	0.757369	0.8149			
1685.66	0.8149	0.8149	0.742245			
1686.47	0.742245	0.617391	0.644134			
1687.09	0.644134	0.644134	0.770935			
1687.73	0.770935	0.770935	0.862803			
1688.51	0.862803	0.765462	0.781614			
1689.27	0.781614	0.781614	0.711726			
1690.05	0.711726	0.711726	0.640996			
1690.76	0.640996	0.640996	0.656612			
1691.41	0.656612	0.656612	0.758843			
1692.06	0.758843	0.758843	0.840146			
1692.82	0.840146	0.840146	0.77281			
1693.66	0.77281	0.62182	0.656247			
1694.28	0.656247	0.656247	0.789721			
1694.94	0.789721	0.789721	0.878207			
1695.73	0.878207	0.766471	0.787084			
1696.5	0.787084	0.787084	0.728525			
1697.28	0.728525	0.728525	0.661014			
1698.01	0.661014	0.661014	0.668618			
1698.67	0.668618	0.668618	0.759129			
1699.34	0.759129	0.759129	0.84041			
1700.1	0.84041	0.84041	0.790326			
1700.94	0.790326	0.650999	0.681552			
1701.59	0.681552	0.681552	0.793078			
1702.27	0.793078	0.793078	0.863469			
