0 0 0 0 0
1 0.0010002 0.0010002 0.0010002 0.0010002
2 0.0060002 0.0060002 0.0060002 0.0060002
3 0.0310002 0.0310002 0.0310002 0.0310002
4 0.156 0.156 0.156 0.156
5 0.531894 0.289859 0.553452 0.55345
6 0.91107 0.451528 0.950623 0.950621
7 1.37367 0.639908 1.30909 1.30909
8 1.93296 0.852569 1.91161 1.91161
9 2.44464 1.13505 2.59227 2.59227
10 3.01469 1.49081 3.43687 3.43687
11 3.7243 1.97983 4.52769 4.52769
12 4.61754 2.65029 5.83312 5.83314
13 5.80509 3.13665 6.86114 6.86117
14 7.42057 3.7195 7.9385 7.93853
15 9.03984 4.12477 9.14136 9.14142
16 10.5203 4.56436 10.3828 10.3829
17 11.7119 5.09987 11.3842 11.3843
18 12.9789 5.58922 12.4065 12.4065
19 14.3551 6.09865 13.5779 13.578
20 15.7402 6.59091 14.8448 14.8449
21 16.9946 7.04769 15.8105 15.8106
22 18.1596 7.49414 16.8176 16.8177
23 19.3879 7.9725 17.9982 17.9984
24 20.8066 8.49397 19.127 19.1272
25 22.1505 8.95914 20.2803 20.2805
26 23.2661 9.43212 21.3791 21.3793
27 24.3411 9.92461 22.4074 22.4076
28 25.3938 10.4254 23.4341 23.4344
29 26.4745 10.9099 24.5353 24.5355
30 27.6074 11.3717 25.6971 25.6974
31 28.7508 11.8327 26.8164 26.8167
32 29.8404 12.3201 27.837 27.8373
33 30.8747 12.8326 28.8231 28.8234
34 31.9222 13.334 29.885 29.8854
35 33.048 13.7975 31.05 31.0504
36 34.2278 14.2423 32.0783 32.0787
37 35.3551 14.7137 33.1264 33.1269
38 36.3804 15.2335 34.2225 34.2229
39 37.3789 15.7624 35.3315 35.332
40 38.4703 16.1914 36.3943 36.3948
41 39.684 16.6274 37.4059 37.4064
42 40.7192 17.1337 38.4234 38.4239
43 41.7859 17.7001 39.4999 39.5005
44 42.9277 18.1183 40.6138 40.6143
45 44.0965 18.561 41.6856 41.6862
46 45.1961 19.0882 42.6834 42.684
47 46.2111 19.5929 43.664 43.6647
48 47.2306 20.1109 44.707 44.7077
49 48.3546 20.5977 45.8159 45.8166
50 49.5699 21.0458 46.8996 46.9003
51 50.5747 21.4953 47.8915 47.8922
52 51.6083 21.9919 48.8377 48.8385
53 52.7584 22.5311 49.8406 49.8414
54 53.9783 22.9761 50.9397 50.9405
55 54.9577 23.4345 52.0458 52.0466
56 55.9655 23.9429 53.0527 53.0535
57 57.1237 24.4809 53.9813 53.9821
58 58.3868 24.9167 54.9502 54.9511
59 59.398 25.3642 56.0457 56.0466
60 60.3805 25.8741 57.2013 57.2022
61 61.4739 26.4284 58.1302 58.1311
62 62.7114 26.8523 59.0818 59.0827
63 63.728 27.295 60.1817 60.1826
64 64.7873 27.8152 61.3919 61.3928
65 65.9461 28.3237 62.3286 62.3296
66 67.1392 28.842 63.3043 63.3053
67 68.2382 29.3242 64.4457 64.4467
68 69.2279 29.7683 65.6936 65.6946
69 70.226 30.2193 66.6356 66.6367
70 71.3615 30.7217 67.619 67.6201
71 72.6171 31.2621 68.7942 68.7953
72 73.6342 31.6975 70.0938 70.0948
73 74.6414 32.1467 71.0499 71.0511
74 75.7507 32.6566 72.0557 72.0569
75 76.969 33.2045 73.2702 73.2713
76 77.9843 33.6269 74.4652 74.4664
77 79.0313 34.0659 75.6835 75.6846
78 80.1804 34.5815 76.8265 76.8277
79 81.3811 35.0876 77.9005 77.9017
80 82.3737 35.603 79.0082 79.0094
81 83.386 36.0822 80.2315 80.2327
82 84.5311 36.5243 81.5177 81.519
83 85.7758 36.9747 82.7313 82.7326
84 86.7827 37.4764 83.8394 83.8407
85 87.7842 38.0138 84.9498 84.9511
86 88.9007 38.4475 86.1864 86.1877
87 90.1337 38.8942 87.5316 87.5329
88 91.1349 39.4024 88.6865 88.6879
89 92.1714 39.9512 89.8623 89.8637
90 93.3288 40.3729 91.1414 91.1428
91 94.551 40.8121 92.4894 92.4907
92 95.535 41.3288 93.7847 93.786
93 96.5158 41.8384 94.9822 94.9834
94 97.6164 42.357 96.0693 96.1166
95 98.8222 42.8362 97.0795 97.163
96 99.9465 43.2752 98.1367 98.1998
97 100.963 43.7228 99.3241 99.3217
98 101.933 44.2267 100.429 100.526
99 102.923 44.7727 101.555 101.543
100 103.975 45.2015 102.661 102.586
101 105.047 45.6469 103.721 103.72
102 106.047 46.1612 104.757 104.896
103 106.958 46.7198 105.815 105.849
104 107.864 47.1315 106.89 106.825
105 108.858 47.5643 107.947 107.926
106 109.931 48.0878 108.969 109.092
107 110.947 48.5995 109.98 110.025
108 111.874 49.1248 111.017 110.983
109 112.756 49.5565 112.086 112.08
110 113.662 49.9953 113.15 113.265
111 114.633 50.4974 114.177 114.177
112 115.626 51.0516 115.179 115.126
113 116.545 51.4708 116.203 116.246
114 117.388 51.9114 117.282 117.497
115 118.232 52.4305 118.386 118.352
116 119.154 52.9304 119.443 119.272
117 119.64 53.4416 119.864 119.942
118 119.953 53.9223 120.669 120.764
119 120.372 54.3654 120.954 120.985
120 120.75 54.8125 121.844 121.843
121 120.955 55.3072 122.659 122.632
122 121.412 55.8407 124.415 124.388
123 121.828 56.2758 125.482 125.655
124 123.908 56.7242 126.609 126.646
125 125.036 57.2286 127.566 127.746
126 125.887 57.7681 128.566 128.686
127 126.88 58.1899 129.61 129.654
128 127.639 58.627 130.635 130.685
129 128.447 59.1373 131.591 131.732
130 129.362 59.6991 132.507 132.712
131 130.176 60.1032 133.462 133.619
132 131.014 60.5314 134.501 134.532
133 131.865 61.0567 135.559 135.535
134 132.693 61.5733 136.528 136.609
135 133.481 62.1044 137.403 137.493
136 134.258 62.5252 138.291 138.401
137 135.065 62.9563 139.3 139.413
138 135.909 63.4645 140.401 140.487
139 136.741 64.0453 141.246 141.342
140 137.516 64.4462 142.129 142.224
141 138.254 64.8789 143.162 143.24
142 139.019 65.418 144.161 144.347
143 139.85 65.8908 145.18 145.165
144 140.7 66.3834 146.137 146.024
145 141.404 66.8886 147.021 147.061
146 142.119 67.3865 147.909 148.061
147 142.929 67.869 148.886 149.089
148 143.812 68.3522 149.938 150.043
149 144.476 68.8573 150.808 150.907
150 145.174 69.322 151.702 151.774
151 145.993 69.7963 152.696 152.748
152 146.719 70.2707 153.751 153.819
153 147.479 70.7342 154.595 154.666
154 148.138 71.1883 155.464 155.548
155 148.81 71.6468 156.464 156.554
156 149.511 71.7775 157.553 157.629
157 150.198 71.9405 158.364 158.44
158 150.821 71.9835 159.216 159.285
159 151.387 72.0012 160.238 160.298
160 151.959 72.0172 161.228 161.297
161 152.587 72.097 162.245 162.319
162 153.241 72.4961 163.187 163.254
163 153.74 72.9032 164.044 164.097
164 154.259 73.2872 164.907 164.955
165 154.868 73.7019 165.878 165.936
166 155.434 74.1906 166.942 167.014
167 156.019 74.7792 167.782 167.833
168 156.576 75.4811 168.656 168.691
169 157.085 76.327 169.657 169.703
170 157.58 77.2296 170.732 170.681
171 158.115 78.1188 171.539 171.68
172 158.702 79.0117 172.382 172.618
173 159.211 79.9146 173.395 173.484
174 159.733 80.8324 174.393 174.356
175 160.286 81.769 175.414 175.32
176 160.849 82.7274 176.349 176.361
177 161.382 83.7097 177.192 177.217
178 161.879 84.7171 178.051 178.098
179 162.378 85.7319 179.034 179.082
180 162.919 86.7727 180.113 180.13
181 163.497 87.5411 180.935 180.966
182 163.988 88.4001 181.796 181.827
183 164.489 89.485 182.809 182.82
184 165.036 90.3518 183.791 182.979
185 165.612 91.3225 184.795 183.266
186 166.091 92.1335 185.735 183.53
187 166.58 92.9747 186.604 184.848
188 167.128 93.8828 187.481 185.867
189 167.716 94.8085 188.451 186.977
190 168.18 95.664 189.498 187.902
191 168.661 96.4426 190.357 188.873
192 169.217 97.2291 191.241 189.908
193 169.82 98.1113 192.232 190.946
194 170.263 99.0701 193.29 191.912
195 170.729 99.8207 194.129 192.813
196 171.294 100.602 194.995 193.742
197 171.841 101.504 195.997 194.787
198 172.404 102.371 197.093 195.916
199 172.924 103.253 197.904 196.667
200 173.392 104.09 198.756 197.489
201 173.863 104.869 199.784 197.997
202 174.396 105.648 200.784 198.329
203 174.985 106.492 201.811 198.629
204 175.442 107.393 202.76 200.13
205 175.92 108.158 203.622 201.202
206 176.473 108.939 204.496 202.09
207 177.003 109.791 205.483 203.026
208 177.543 110.684 206.566 204.02
209 178.057 111.425 207.417 205.004
210 178.539 112.181 208.302 205.913
211 179.023 113.029 209.322 206.772
212 179.545 113.941 210.426 207.672
213 180.1 114.652 211.258 208.674
214 180.579 115.391 212.125 209.714
215 181.065 116.25 213.165 210.544
216 181.593 117.086 214.208 211.395
217 182.146 117.936 214.733 212.388
218 182.67 118.733 214.825 213.493
219 182.932 119.467 215.118 214.297
220 183.116 119.905 215.385 215.15
221 183.432 120.545 216.572 216.186
222 183.717 120.912 217.548 217.18
223 185.141 121.57 218.539 218.205
224 185.547 122.172 219.466 219.148
225 185.963 123.435 220.4 220.024
226 186.501 124.607 221.378 220.921
227 187.171 125.697 222.439 221.924
228 187.593 126.436 223.632 223.001
229 188.062 127.112 224.961 223.863
230 188.67 127.854 225.737 224.755
231 189.245 128.747 226.616 225.781
232 189.845 129.648 227.304 226.595
233 190.408 130.362 227.936 227.292
234 190.927 131.1 228.582 227.929
235 191.461 131.958 229.188 228.583
236 192.076 132.791 229.791 229.191
237 192.764 133.642 230.09 229.793
238 193.326 134.431 230.365 230.404
239 193.905 135.147 231.052 231.034
240 194.567 135.859 231.696 231.684
241 195.299 136.652 232.37 232.355
242 195.896 137.52 233.071 233.049
243 196.511 138.209 233.783 233.759
244 197.211 138.927 234.513 234.486
245 197.976 139.742 235.261 235.231
246 198.113 140.519 236.025 235.993
247 198.42 141.309 236.804 236.769
248 198.699 142.069 237.595 237.558
249 199.911 142.787 238.396 238.357
250 200.56 143.501 239.204 239.164
251 201.306 144.259 240.018 239.976
252 202.047 145.06 240.835 240.792
253 202.728 145.839 241.654 241.611
254 203.421 146.551 242.474 242.43
255 204.117 147.229 243.294 243.25
256 204.798 147.952 244.114 244.069
257 205.466 148.758 244.933 244.888
258 206.139 149.483 245.751 245.706
259 206.831 150.224 246.569 246.523
260 207.535 150.981 247.385 247.339
261 208.226 151.731 248.2 248.154
262 208.891 152.454 249.014 248.968
263 209.551 153.163 249.827 249.781
264 210.236 153.888 250.639 250.592
265 210.95 154.645 251.45 251.403
266 211.658 155.408 252.261 252.214
267 212.328 156.137 253.071 253.023
268 212.974 156.83 253.88 253.832
269 213.641 157.531 254.689 254.641
270 214.36 158.281 255.497 255.449
271 215.096 159.064 256.306 256.257
272 215.785 159.814 257.115 257.066
273 216.419 160.499 257.923 257.874
274 217.058 161.166 258.732 258.683
275 217.769 161.89 259.541 259.492
276 218.539 162.692 260.351 260.301
277 219.169 163.379 261.162 261.111
278 219.819 164.086 261.973 261.922
279 220.547 164.841 262.785 262.734
280 221.324 165.61 263.598 263.546
281 221.945 166.334 264.412 264.359
282 222.584 167.002 265.227 265.174
283 223.32 167.674 266.044 265.991
284 224.126 168.414 266.862 266.809
285 224.732 169.21 267.681 267.628
286 225.367 169.866 268.503 268.448
287 226.121 170.542 269.326 269.271
288 226.863 171.296 270.151 270.096
289 227.619 172.095 270.979 270.923
290 228.318 172.73 271.809 271.753
291 228.96 173.386 272.64 272.584
292 229.614 174.145 273.474 273.417
293 230.349 174.975 274.312 274.254
294 231.144 175.584 275.152 275.094
295 231.777 176.227 275.995 275.937
296 232.431 176.71 276.841 276.782
297 233.18 177.08 277.689 277.629
298 233.862 177.39 278.541 278.481
299 234.485 177.673 279.399 279.337
300 235.091 177.965 280.26 280.198
301 235.702 178.238 281.123 281.061
302 236.328 178.515 281.989 281.927
303 236.975 178.811 282.86 282.796
304 237.642 179.141 283.738 283.672
305 238.33 179.521 284.622 284.556
306 239.037 179.968 285.508 285.443
307 239.764 180.497 286.396 286.332
308 240.509 180.976 287.289 287.223
309 241.272 181.478 288.192 288.123
310 242.051 181.933 289.104 289.033
311 242.845 182.397 290.021 289.951
312 243.652 182.895 290.937 290.87
313 244.471 183.444 291.857 291.789
314 245.301 184.048 292.788 292.716
315 246.045 184.701 293.734 293.658
316 246.804 185.391 294.69 294.613
317 247.529 186.11 295.644 295.572
318 248.213 186.855 296.597 296.527
319 248.901 187.623 297.561 297.487
320 249.642 188.411 298.546 298.464
321 250.426 189.015 299.55 299.464
322 251.183 189.652 300.555 300.475
323 251.871 190.404 301.552 301.479
324 252.536 191.094 302.555 302.48
325 253.257 191.807 303.586 303.5
326 254.062 192.507 304.647 304.552
327 254.77 193.17 305.716 305.625
328 255.494 193.816 306.774 306.693
329 256.25 194.492 307.83 307.753
330 257.017 195.213 308.917 308.827
331 257.756 195.935 310.044 309.941
332 258.463 196.604 311.189 311.087
333 259.175 197.234 312.327 312.236
334 259.933 197.887 313.463 313.376
335 260.724 198.609 314.629 314.533
336 261.491 199.362 315.841 315.732
337 262.204 199.982 317.08 316.969
338 262.9 200.613 318.33 318.225
339 263.646 201.33 319.606 319.5
340 264.459 202.111 320.95 320.833
341 265.27 202.722 322.095 322.101
342 266.003 203.358 323.317 323.245
343 266.682 204.092 324.536 324.415
344 267.401 204.887 325.674 325.606
345 268.223 205.484 326.758 326.79
346 269.002 206.108 327.892 327.953
347 269.793 206.854 329.146 329.114
348 270.564 207.587 330.45 330.305
349 271.308 208.336 331.658 331.534
350 272.055 209.029 332.748 332.766
351 272.839 209.665 333.851 333.965
352 273.654 210.312 335.094 335.062
353 274.454 211.038 336.189 336.098
354 275.21 211.823 337.316 337.184
355 275.951 212.455 338.471 338.377
356 276.73 213.106 339.605 339.589
357 277.567 213.848 340.683 340.572
358 278.409 214.647 341.731 341.571
359 279.19 215.269 342.81 342.719
360 279.925 215.914 343.941 343.966
361 280.687 216.667 345.071 344.904
362 281.536 217.493 346.133 345.886
363 282.43 218.102 347.139 347.044
364 283.166 218.742 348.165 348.134
365 283.915 219.515 349.265 349.254
366 284.766 220.272 350.397 350.326
367 285.701 221.047 351.46 351.325
368 286.441 221.764 352.434 352.309
369 287.208 222.42 353.401 353.357
370 288.088 223.088 354.457 354.47
371 289.046 223.841 355.591 355.553
372 289.786 224.66 356.544 356.537
373 290.554 225.316 357.52 357.471
374 291.456 225.995 358.586 358.465
375 292.456 226.769 359.694 359.564
376 293.195 227.605 360.619 360.552
377 293.969 228.256 361.559 361.559
378 294.903 228.931 362.607 362.589
379 295.837 229.722 363.724 363.611
380 296.787 230.595 363.917 363.945
381 297.657 231.235 363.97 363.984
382 298.455 231.91 363.999 363.998
383 299.284 232.729 364.044 364.041
384 300.234 233.537 364.085 364.081
385 301.262 234.363 364.29 364.28
386 302.066 235.123 364.651 364.63
387 302.897 235.815 364.94 364.924
388 303.869 236.525 364.995 364.992
389 304.95 237.338 365.046 365.045
390 305.762 238.228 365.092 365.094
391 306.611 238.92 365.322 365.337
392 307.624 239.641 366.471 366.55
393 308.755 240.484 367.621 367.63
394 309.569 241.413 368.608 368.677
395 310.426 242.094 369.67 369.765
396 311.48 242.81 370.709 370.636
397 312.541 243.686 371.645 371.527
398 313.623 244.551 372.524 372.555
399 314.604 245.439 373.46 373.672
400 315.496 246.157 374.513 374.512
401 316.431 246.889 375.464 375.392
402 317.52 247.735 376.435 376.432
403 318.71 248.667 377.421 377.427
404 319.615 249.318 378.391 378.445
405 320.555 250.013 379.331 379.412
406 321.679 250.867 380.261 380.312
407 322.946 251.656 381.215 381.211
408 323.867 252.479 382.196 382.181
409 324.836 253.257 383.171 383.211
410 326.02 253.961 384.107 384.202
411 327.213 254.65 385.018 385.097
412 328.427 255.406 385.949 385.956
413 329.533 256.247 386.925 386.889
414 330.549 256.951 387.91 387.925
415 331.617 257.682 388.852 388.828
416 332.852 258.479 389.748 389.754
417 334.052 259.301 390.652 390.727
418 335.272 259.986 391.614 391.71
419 336.421 260.683 392.613 392.647
420 337.493 261.475 393.573 393.535
421 338.578 262.342 394.461 394.434
422 339.765 263.005 395.335 395.396
423 341.027 263.703 396.274 396.396
424 342.093 264.528 397.285 397.352
425 343.178 265.319 398.275 398.234
426 344.374 266.131 399.169 399.101
427 345.645 266.897 400.012 400.039
428 346.701 267.603 400.913 401.053
429 347.778 268.309 401.926 401.94
430 348.981 269.089 402.843 402.843
431 350.272 269.942 403.778 403.801
432 351.312 270.641 404.729 404.787
433 352.381 271.366 405.67 405.729
434 353.597 272.177 406.586 406.608
435 354.913 273.036 407.491 407.483
436 355.931 273.711 408.416 408.424
437 356.987 274.41 409.368 409.426
438 358.22 275.232 410.319 410.396
439 359.572 276.051 411.238 411.277
440 360.561 276.885 412.133 412.122
441 361.598 277.649 413.044 413.032
442 362.853 278.343 413.995 414.044
443 363.231 279.054 414.96 414.943
444 363.712 279.869 415.892 415.861
445 363.873 280.763 416.782 416.814
446 363.943 281.433 417.676 417.775
447 363.981 282.14 418.622 418.703
448 363.999 282.989 419.61 419.599
449 364.043 283.804 420.57 420.506
450 364.083 284.643 421.466 421.462
451 364.284 285.429 422.343 422.448
452 364.638 286.147 423.277 423.403
453 364.931 286.866 424.287 424.304
454 364.979 287.671 425.291 425.198
455 365 288.558 426.211 426.15
456 365.046 289.268 427.074 427.162
457 365.088 290.008 427.985 428.158
458 365.3 290.851 429.008 429.079
459 366.356 291.749 430.069 429.962
460 367.969 292.431 430.927 430.899
461 369.672 293.143 431.801 431.933
462 370.535 294.001 432.813 432.983
463 371.563 294.475 433.929 433.94
464 372.972 294.567 434.789 434.817
465 374.128 294.858 435.685 435.727
466 375.384 295.125 436.733 436.766
467 376.639 296.459 437.869 437.878
468 377.781 297.33 438.722 438.753
469 378.836 298.176 439.613 439.656
470 379.941 299.057 440.68 440.708
471 381.195 299.759 441.736 441.861
472 382.519 300.475 442.812 442.734
473 383.547 301.313 443.81 443.647
474 384.605 302.254 444.736 444.729
475 385.852 302.947 445.687 445.796
476 387.24 303.677 446.752 446.882
477 388.242 304.551 447.888 447.896
478 389.298 305.408 448.821 448.844
479 390.578 306.282 449.776 449.817
480 391.822 307.091 450.856 450.897
481 393.097 307.836 452.026 452.042
482 394.278 308.599 452.968 453.002
483 395.356 309.461 453.939 453.979
484 396.449 309.557 455.048 455.073
485 397.675 309.854 456.249 456.251
486 399.004 310.125 457.198 457.228
487 400.074 311.483 458.179 458.228
488 401.174 312.39 459.316 459.349
489 402.422 313.335 460.557 460.552
490 403.764 314.258 461.514 461.546
491 404.816 315.122 462.509 462.564
492 405.9 315.965 463.68 463.709
493 407.159 316.86 464.965 464.945
494 408.538 317.804 465.929 465.961
495 409.567 318.589 466.938 467.003
496 410.64 319.388 468.146 468.178
497 411.921 320.286 469.348 469.446
498 413.182 321.257 470.571 470.486
499 414.467 322.037 471.707 471.553
500 415.653 322.84 472.767 472.76
501 416.742 323.757 473.867 473.84
502 417.854 324.749 475.015 474.971
503 419.101 325.515 476.105 476.074
504 420.442 326.309 477.11 477.105
505 421.518 327.243 478.112 478.115
506 422.624 328.274 479.212 479.189
507 423.883 329.019 480.413 480.355
508 425.247 329.804 481.45 481.529
509 426.306 330.764 482.509 482.599
510 427.401 331.704 483.655 483.575
511 428.676 332.669 484.869 484.579
512 430.071 333.555 485.473 484.878
513 431.106 334.356 485.847 485.574
514 432.185 335.172 486.611 485.98
515 433.479 336.105 487.309 486.811
516 434.753 337.131 489.486 487.561
517 436.051 337.924 490.248 489.727
518 437.248 338.75 491.338 490.579
519 438.343 339.715 492.643 491.763
520 439.462 340.768 493.561 492.878
521 440.72 341.539 494.583 493.924
522 442.072 342.349 495.75 494.997
523 443.154 343.336 496.701 496.029
524 444.265 344.311 497.696 496.998
525 445.534 345.31 498.779 497.953
526 446.908 346.222 499.882 498.966
527 447.97 347.045 500.891 500.047
528 449.069 347.889 501.802 501.107
529 450.351 348.86 502.728 502.071
530 451.756 349.927 503.783 502.977
531 452.791 350.738 504.936 503.937
532 453.872 351.587 505.827 505.016
533 455.172 352.589 506.754 506.016
534 456.449 352.7 507.837 507.033
535 457.752 352.755 509.02 508.049
536 458.953 352.783 509.926 509.051
537 460.049 352.921 510.865 510.052
538 461.166 352.99 511.986 511.08
539 462.399 352.994 513.222 512.148
540 463.696 353.014 514.242 513.237
541 464.719 353.014 515.289 514.32
542 465.77 353.015 516.465 515.393
543 466.974 353.015 517.5 516.481
544 468.132 353.015 518.577 517.597
545 469.308 353.015 519.666 518.719
546 470.415 353.015 520.718 519.775
547 471.439 353.015 521.723 520.741
548 472.455 353.015 522.731 521.702
549 473.544 353.016 523.794 522.762
550 474.697 353.016 524.904 523.922
551 475.679 353.021 525.983 524.881
552 476.677 353.045 526.984 525.87
553 477.754 353.13 527.956 526.962
554 478.868 353.236 528.99 528.111
555 479.802 353.364 530.12 529.05
556 480.749 353.511 531.255 530.01
557 481.794 353.684 532.282 531.103
558 482.902 353.89 533.224 532.296
559 483.791 354.143 534.211 533.221
560 484.702 354.458 535.35 534.182
561 484.878 354.872 536.574 535.306
562 484.991 355.449 537.505 536.539
563 485.051 356.265 538.471 537.451
564 485.106 356.732 539.63 538.406
565 485.381 357.293 540.94 539.564
566 485.863 357.804 541.894 540.733
567 485.963 358.341 542.897 541.922
568 485.999 358.791 544.124 543.006
569 486.085 359.25 545.498 544.008
570 486.164 359.761 546.531 545.069
571 486.556 360.309 547.609 546.3
572 488.517 360.75 548.844 547.565
573 489.686 361.205 550.074 548.15
574 490.692 361.725 551.309 548.281
575 491.688 362.286 552.557 548.582
576 492.702 362.713 553.824 548.855
577 493.532 363.158 555.107 550.222
578 494.372 363.687 556.403 551.488
579 495.326 363.862 557.709 552.779
580 496.367 363.963 559.021 553.75
581 497.161 363.987 560.337 554.801
582 497.985 363.999 561.655 556.002
583 498.944 364.018 562.977 556.967
584 499.866 364.035 564.3 557.998
585 500.804 364.122 565.626 559.11
586 501.689 364.557 566.953 560.022
587 502.511 364.741 568.277 560.972
588 503.334 364.865 569.554 562.026
589 504.222 364.937 570.928 563.126
590 505.16 364.99 572.317 563.268
591 505.966 365.039 573.668 563.58
592 506.782 365.085 574.99 563.865
593 507.664 365.312 576.33 565.208
594 508.585 365.873 577.706 566.149
595 509.455 366.545 579.085 567.113
596 510.239 367.064 579.708 568.158
597 510.997 367.621 579.851 569.247
598 511.811 368.239 580.16 570.271
599 512.686 368.67 580.44 571.194
600 513.398 369.15 581.488 572.103
601 514.131 369.706 582.543 573.121
602 514.922 370.171 583.971 574.261
603 515.625 370.656 585.25 575.176
604 516.339 371.175 586.401 576.136
605 517.057 371.696 587.634 577.214
606 517.748 372.18 588.528 578.34
607 518.395 372.632 589.49 579.211
608 519.022 373.097 590.656 580.114
609 519.665 373.615 591.663 581.194
610 520.33 374.161 592.742 582.271
611 520.982 374.603 593.654 583.372
612 521.596 375.056 594.595 584.259
613 522.185 375.576 594.821 585.166
614 522.79 376.142 595.149 586.227
615 523.43 376.57 595.447 587.413
616 524.078 377.018 596.892 588.258
617 524.694 377.551 597.925 589.165
618 525.276 378.069 599.063 590.283
619 525.864 378.6 599.942 591.321
620 526.492 379.093 600.867 592.406
621 527.142 379.544 601.945 593.434
622 527.765 380.001 602.972 594.363
623 528.345 380.513 604.024 595.271
624 528.919 381.069 605.028 596.276
625 529.53 381.513 605.962 597.404
626 530.179 381.973 606.891 598.331
627 530.813 382.498 607.9 599.299
628 531.397 383.062 608.991 600.365
629 531.957 383.491 609.919 601.464
630 532.549 383.938 610.873 602.353
631 533.192 384.471 611.911 603.263
632 533.838 384.995 612.995 604.32
633 534.431 385.531 613.9 605.492
634 534.983 386.024 614.823 606.338
635 535.555 386.472 615.864 607.242
636 536.186 386.929 616.99 608.349
637 536.841 387.447 617.864 609.386
638 537.449 388.013 618.778 610.467
639 538 388.45 619.851 611.487
640 538.552 388.906 620.889 612.408
641 539.165 389.438 621.951 613.313
642 539.825 389.958 622.949 614.321
643 540.379 390.487 623.865 615.45
644 540.94 390.983 624.786 616.365
645 541.553 391.442 625.811 617.323
646 542.2 391.907 626.928 618.389
647 542.814 392.422 627.828 619.5
648 543.371 392.976 628.765 620.374
649 543.916 393.428 629.829 621.276
650 544.511 393.893 630.964 622.343
651 545.159 394.418 631.823 623.533
652 545.723 394.98 632.723 624.359
653 546.294 395.422 633.808 625.25
654 546.897 395.879 634.872 626.371
655 547.52 396.411 635.966 627.415
656 547.835 396.994 636.863 628.511
657 548.04 397.419 637.778 629.423
658 548.336 397.867 638.834 630.357
659 548.605 398.413 640.004 631.408
660 549.729 398.942 640.87 632.545
661 550.257 399.487 641.79 633.429
662 550.849 399.99 642.9 634.353
663 551.518 400.445 643.953 635.437
664 552.12 400.903 645.042 636.493
665 552.727 401.424 646.071 637.573
666 553.363 402 647.011 638.582
667 554.031 402.446 647.944 639.509
668 554.708 402.913 648.982 640.445
669 555.374 403.454 650.133 641.494
670 556.04 403.978 651.072 642.638
671 556.737 404.512 652.05 643.549
672 557.48 405.017 653.144 644.499
673 558.247 405.488 654.297 645.59
674 558.998 405.965 655.208 646.763
675 559.731 406.487 656.15 647.635
676 560.483 407.043 657.258 648.553
677 561.29 407.512 658.492 649.673
678 562.137 407.991 659.366 650.769
679 562.961 408.52 660.304 651.899
680 563.103 409.082 661.474 652.821
681 563.414 409.546 662.584 653.763
682 563.696 410.02 663.742 654.855
683 565.062 410.555 664.706 656.071
684 565.936 411.132 665.689 656.966
685 566.861 411.586 666.807 657.919
686 567.668 412.056 668.034 659.073
687 568.53 412.602 668.983 660.172
688 569.377 413.198 669.98 661.308
689 570.143 413.636 671.152 662.379
690 570.855 414.098 672.297 663.357
691 571.611 414.658 673.467 664.334
692 572.476 415.203 674.562 665.427
693 573.269 415.764 675.575 666.639
694 574.086 416.281 676.607 667.621
695 574.896 416.748 677.766 668.645
696 575.667 417.222 679.026 669.799
697 576.412 417.761 680.036 671.025
698 577.179 418.355 681.085 671.984
699 577.996 418.814 682.293 672.98
700 578.831 419.294 683.377 674.159
701 579.614 419.853 684.513 675.477
702 580.333 420.397 685.617 676.402
703 581.053 420.951 686.63 677.397
704 581.853 421.472 687.6 678.647
705 582.729 421.957 688.625 679.84
706 583.425 422.45 689.743 681.084
707 584.156 422.991 690.749 682.086
708 584.992 423.571 691.772 683.116
709 585.783 424.053 692.821 684.239
710 586.593 424.546 693.863 685.399
711 587.375 425.091 694.864 686.357
712 588.11 425.647 695.832 687.333
713 588.836 426.283 696.812 688.43
714 589.61 426.756 697.833 689.604
715 590.442 427.254 698.867 690.515
716 591.177 427.859 699.857 691.462
717 591.927 428.45 700.792 692.559
718 592.722 429.058 701.724 693.606
719 593.538 429.619 702.709 694.674
720 594.313 430.129 703.737 695.692
721 595.031 430.597 704.729 696.639
722 595.742 431.083 705.641 697.577
723 596.521 431.64 706.523 698.582
724 597.372 432.236 707.462 699.645
725 598.08 432.68 708.479 700.671
726 598.816 433.145 709.385 701.597
727 599.629 433.707 710.307 702.478
728 600.477 434.256 711.263 703.425
729 601.152 434.819 712.225 704.477
730 601.851 435.282 713.147 705.397
731 602.671 435.752 714.025 706.342
732 603.488 436.291 714.907 707.324
733 604.32 436.885 715.838 708.304
734 605.003 436.936 716.799 709.233
735 605.701 436.973 717.722 710.119
736 606.509 436.984 718.58 711.022
737 607.41 437.018 719.421 711.981
738 608.1 437.05 720.316 712.962
739 608.789 437.209 721.274 713.891
740 609.581 437.971 722.213 714.751
741 610.478 438.708 723.063 715.605
742 611.173 439.631 723.862 716.53
743 611.886 440.749 724.709 717.515
744 612.697 442.07 725.656 718.358
745 613.58 442.92 726.517 719.217
746 614.257 443.916 727.395 720.146
747 614.959 444.961 728.282 721.11
748 615.787 446.241 728.543 722.015
749 616.61 447.245 728.874 722.835
750 617.452 448.207 728.984 723.645
751 618.141 449.191 728.998 724.537
752 618.845 450.101 729.042 725.51
753 619.662 450.926 729.082 726.316
754 620.574 451.754 729.283 727.146
755 621.295 452.679 729.637 728.058
756 621.991 453.688 729.931 728.335
757 622.763 454.483 729.978 728.63
758 623.647 455.31 729.999 728.796
759 624.376 456.254 730.045 729.626
760 625.146 457.159 730.088 729.89
761 625.985 458.079 730.299 729.973
762 626.837 458.957 731.355 729.997
763 627.612 459.781 732.324 730.046
764 628.311 460.602 733.218 730.09
765 629.033 461.481 734.168 730.31
766 629.874 462.412 734.926 731.413
767 630.805 463.309 735.708 732.323
768 631.55 464.12 736.602 733.266
769 632.251 464.892 737.564 734.095
770 633.022 465.724 738.295 734.952
771 633.921 466.658 739.056 735.829
772 634.696 467.475 739.956 736.686
773 635.508 468.314 740.825 737.504
774 636.356 469.187 741.713 738.309
775 637.189 470.056 742.549 739.145
776 637.968 470.88 743.322 740.019
777 638.721 471.669 744.099 740.887
778 639.52 472.476 744.947 741.702
779 640.398 473.337 745.852 742.483
780 641.291 474.223 746.616 743.29
781 642.017 475.058 747.397 744.157
782 642.759 475.824 748.252 745.042
783 643.63 476.586 749.15 745.868
784 644.614 477.422 749.901 746.629
785 645.412 478.329 750.666 747.399
786 646.153 479.085 751.518 748.248
787 646.946 479.862 752.425 749.153
788 647.869 480.717 753.162 749.903
789 648.724 481.614 753.919 750.671
790 649.606 482.353 754.776 751.527
791 650.474 483.107 755.694 752.434
792 651.302 483.96 756.412 753.167
793 652.117 484.887 757.155 753.92
794 652.973 485.617 758.018 754.777
795 653.89 485.926 758.954 755.699
796 654.815 486.901 759.649 756.413
797 655.672 487.802 760.377 757.155
798 656.473 488.582 761.251 758.021
799 657.305 489.381 762.095 758.865
800 658.245 490.226 762.96 759.724
801 659.255 491.083 763.771 760.531
802 660.04 491.892 764.518 761.285
803 660.86 492.644 765.27 762.047
804 661.835 493.397 766.098 762.879
805 662.812 494.212 766.986 763.76
806 663.808 495.079 767.729 764.507
807 664.717 495.811 768.488 765.267
808 665.543 496.558 769.328 766.103
809 666.398 497.377 770.214 766.986
810 667.396 498.236 770.946 767.725
811 668.503 498.943 771.693 768.479
812 669.362 499.665 772.533 769.316
813 670.216 500.479 773.434 770.208
814 671.201 501.355 774.154 770.937
815 672.333 502.033 774.896 771.684
816 673.214 502.738 775.746 772.527
817 674.141 503.561 776.661 773.431
818 675.205 504.362 777.365 774.146
819 676.348 505.179 778.097 774.884
820 677.215 505.941 778.958 775.736
821 678.124 506.643 779.802 776.657
822 679.229 507.351 780.662 777.355
823 680.348 508.134 781.465 778.083
824 681.377 508.976 782.212 778.947
825 682.424 509.663 782.973 779.791
826 683.494 510.37 783.814 780.652
827 684.572 511.165 784.707 781.458
828 685.641 512.013 785.453 782.204
829 686.705 512.675 786.215 782.962
830 687.788 513.361 787.064 783.8
831 688.907 514.161 787.972 784.695
832 690.048 515.038 788.717 785.441
833 691.177 515.669 789.48 786.203
834 692.282 516.337 790.341 787.053
835 693.395 517.153 791.267 787.959
836 694.558 517.938 792.009 788.703
837 695.773 518.748 792.774 789.466
838 696.984 519.421 793.649 790.326
839 698.135 520.105 794.597 791.251
840 699.247 520.877 795.334 791.993
841 700.395 521.718 796.099 792.758
842 701.627 522.372 796.993 793.633
843 702.887 523.052 797.969 794.58
844 704.064 523.841 798.697 795.317
845 705.143 524.608 799.46 796.082
846 706.227 525.388 800.374 796.975
847 707.439 526.122 801.272 797.95
848 708.767 526.804 802.189 798.678
849 709.817 527.493 803.043 799.44
850 710.917 528.248 803.833 800.354
851 712.181 529.055 804.641 801.252
852 713.389 529.731 805.542 802.168
853 714.623 530.422 806.506 803.022
854 715.804 531.123 807.3 803.811
855 716.91 531.76 808.114 804.618
856 718.013 532.376 809.029 805.519
857 719.203 533 810.015 806.482
858 720.481 533.653 810.812 807.276
859 721.581 534.35 811.633 808.089
860 722.707 535.102 812.567 809.005
861 723.927 535.915 813.579 809.99
862 725.199 536.76 814.376 810.787
863 726.272 537.637 815.201 811.606
864 727.367 538.541 816.157 812.541
865 728.59 539.354 817.201 813.551
866 728.745 540.184 817.995 814.348
867 728.853 540.855 818.823 815.173
868 728.986 541.537 819.805 816.128
869 728.999 542.329 820.78 817.171
870 729.047 543.214 821.771 817.965
871 729.09 543.873 822.692 818.792
872 729.303 544.566 823.548 819.774
873 729.678 545.386 824.431 820.857
874 729.958 546.202 825.419 821.643
875 729.993 546.998 826.471 822.471
876 730.043 547.733 827.336 823.484
877 730.088 548.432 828.22 824.477
878 730.313 549.168 829.223 825.495
879 731.436 549.98 830.311 826.438
880 733.063 550.813 831.187 827.306
881 734.704 551.495 832.09 828.195
882 735.53 552.186 833.122 829.198
883 736.546 552.979 834.24 830.281
884 737.984 553.856 835.123 831.159
885 739.187 554.526 836.037 832.062
886 740.498 555.225 837.096 833.09
887 741.614 556.041 838.255 834.205
888 742.754 556.836 839.144 835.093
889 743.986 557.644 840.071 836.01
890 745.269 558.403 841.164 837.066
891 746.482 559.11 842.368 838.218
892 747.587 559.827 843.256 839.113
893 748.678 560.613 844.19 840.043
894 749.879 561.448 845.321 841.132
895 751.196 562.15 846.441 842.328
896 752.305 562.865 847.585 843.225
897 753.441 563.655 848.641 844.164
898 754.676 564.496 849.611 845.29
899 755.963 565.191 849.905 846.41
900 757.174 565.901 850.661 847.55
901 758.271 566.695 850.997 848.604
902 759.357 567.547 851.81 849.577
903 760.559 568.232 852.556 849.972
904 761.883 568.935 854.686 850.702
905 762.982 569.736 855.475 850.948
906 764.111 570.604 856.615 851.707
907 765.351 571.273 858.175 852.399
908 766.648 571.966 859.014 854.164
909 767.733 572.777 860.001 855.209
910 768.834 573.667 861.343 856.591
911 770.063 574.316 862.453 857.587
912 771.39 574.996 863.665 858.691
913 772.462 575.82 864.734 859.943
914 773.563 576.626 865.824 860.996
915 774.809 577.451 866.969 862.089
916 776.148 578.211 868.135 863.264
917 777.199 578.9 869.251 864.463
918 778.282 579.601 870.303 865.394
919 779.537 580.392 871.362 866.355
920 780.908 581.253 872.507 867.488
921 781.932 581.932 873.732 868.749
922 783 582.633 874.724 869.684
923 784.273 583.439 875.76 870.664
924 785.524 584.311 876.891 871.846
925 786.799 584.972 878.052 873.012
926 787.977 585.658 879.12 874.047
927 789.058 586.472 880.082 875.113
928 790.159 587.277 881.054 876.203
929 791.391 588.095 882.163 877.278
930 792.717 588.849 883.388 878.312
931 793.783 589.54 884.327 879.328
932 794.877 590.247 885.312 880.377
933 796.122 591.041 886.465 881.474
934 797.467 591.895 887.579 882.575
935 798.511 592.574 888.716 883.618
936 799.59 593.274 889.789 884.612
937 800.848 594.075 890.79 885.628
938 802.225 594.946 891.801 886.723
939 803.24 595.61 892.916 887.861
940 804.301 596.299 894.116 888.94
941 805.578 597.111 895.121 889.925
942 806.83 597.914 896.151 890.899
943 808.109 598.729 897.296 891.974
944 809.287 599.483 898.521 893.16
945 810.363 600.177 899.522 894.16
946 811.459 600.888 900.552 895.187
947 812.691 601.681 901.722 896.306
948 814.022 602.53 902.993 897.477
949 815.083 603.214 903.977 898.582
950 816.175 603.917 905.004 899.585
951 817.423 604.716 906.211 900.578
952 818.773 605.581 907.4 901.684
953 819.811 606.252 908.612 902.914
954 820.885 606.947 909.734 903.932
955 822.146 607.757 910.761 904.983
956 823.532 608.643 911.81 906.14
957 824.534 609.296 912.991 907.353
958 825.592 609.979 914.271 908.366
959 826.868 610.801 915.264 909.396
960 828.041 611.609 916.301 910.549
961 829.257 612.434 917.513 911.791
962 830.415 613.193 918.692 912.785
963 831.468 613.885 919.894 913.004
964 832.485 614.591 921.021 913.315
965 833.575 615.387 922.061 913.597
966 834.759 616.25 923.113 915.004
967 835.778 616.932 924.28 916.204
968 836.82 617.636 925.544 917.282
969 837.92 618.445 926.573 918.445
970 839.031 619.323 927.636 919.37
971 840.071 619.99 928.838 920.331
972 841.034 620.682 930.127 921.434
973 841.999 621.502 931.126 922.514
974 843.042 622.314 932.167 923.612
975 844.142 623.139 933.394 924.625
976 845.064 623.9 934.612 925.537
977 846.002 624.598 935.852 926.455
978 847.031 625.314 936.992 927.507
979 848.109 626.119 938.032 928.081
980 848.986 626.983 939.097 928.412
981 849.882 627.671 940.311 928.711
982 849.919 628.38 941.635 930.206
983 849.958 629.192 942.642 931.355
984 849.973 630.076 943.701 932.391
985 849.992 630.752 944.244 933.47
986 849.998 631.454 944.939 934.534
987 849.999 632.28 945.232 935.536
988 850.001 633.098 945.5 936.505
989 850.003 633.928 946.843 937.516
990 850.012 634.695 948.055 938.609
991 850.054 635.404 949.147 939.72
992 850.266 636.13 950.29 940.746
993 850.54 636.942 951.41 941.687
994 850.934 637.811 952.438 942.625
995 850.983 638.512 953.402 943.662
996 850.995 639.23 954.403 944.798
997 851.021 640.049 955.521 945.726
998 851.045 640.94 956.577 946.691
999 851.162 641.628 957.654 947.77
