t	tintnext	sstore	sstored	stry	sdid	snext
0.0000002	0.001	0.001	0.005			
0.0010002	0.005	0.005	0.025			
0.0060002	0.025	0.025	0.125			
0.0310002	0.125	0.125	0.625			
0.156	0.625	0.625	0.657596			
0.781	0.657596	0.549787	0.594573			
1.33079	0.594573	0.594573	0.6478			
1.92536	0.6478	0.6478	0.818345			
2.57316	0.818345	0.818345	1.0681			
3.39151	1.0681	1.0681	1.37374			
4.4596	1.37374	1.37374	1.74029			
5.83334	1.74029	1.74029	2.05218			
7.57363	2.05218	1.75963	1.82437			
9.33326	1.82437	1.01219	1.218			
10.3454	1.218	1.218	1.47562			
11.5634	1.47562	1.47562	1.4176			
13.0391	1.4176	1.05136	1.1417			
14.0904	1.1417	1.1417	1.35477			
15.2321	1.35477	1.35477	1.43415			
16.5869	1.43415	1.21795	1.26263			
17.8048	1.26263	1.26263	1.25812			
19.0675	1.25812	1.25812	1.20457			
20.3256	1.20457	1.20457	1.16777			
21.5302	1.16777	1.16777	1.19923			
22.6979	1.19923	1.19923	1.27372			
23.8972	1.27372	1.27372	1.30126			
25.1709	1.30126	1.30126	1.23497			
26.4721	1.23497	1.23497	1.15214			
27.7071	1.15214	1.15214	1.15622			
28.8592	1.15622	1.15622	1.25817			
30.0155	1.25817	1.25817	1.34678			
31.2736	1.34678	1.34678	1.29195			
32.6204	1.29195	1.14547	1.16941			
33.7659	1.16941	1.16941	1.27715			
34.9353	1.27715	1.27715	1.34363			
36.2124	1.34363	1.34363	1.26273			
37.5561	1.26273	1.12257	1.14491			
38.6786	1.14491	1.14491	1.27758			
39.8236	1.27758	1.27758	1.3699			
41.1011	1.3699	1.3699	1.27475			
42.471	1.27475	1.08831	1.12566			
43.5593	1.12566	1.12566	1.29329			
44.685	1.29329	1.29329	1.39879			
45.9783	1.39879	1.39879	1.26549			
47.3771	1.26549	1.03378	1.08559			
48.4109	1.08559	1.08559	1.31047			
49.4965	1.31047	1.31047	1.45515			
50.8069	1.45515	0.556909	0.631167			
51.3638	0.631167	0.390615	0.354865			
51.7545	0.354865	0.354865	0.722099			
52.1093	0.722099	0.722099	0.834257			
52.8314	0.834257	0.834257	1.22456			
53.6657	1.22456	1.22456	1.68281			
54.8902	1.68281	1.68281	1.53407			
56.573	1.53407	0.883262	1.04782			
57.4563	1.04782	1.04782	1.42406			
58.5041	1.42406	1.42406	1.57741			
59.9282	1.57741	1.14015	1.25243			
61.0683	1.25243	1.25243	1.27338			
62.3208	1.27338	1.27338	1.1493			
63.5942	1.1493	1.02536	1.04444			
64.6195	1.04444	1.04444	1.2141			
65.664	1.2141	1.2141	1.34663			
66.878	1.34663	1.34663	1.22613			
68.2247	1.22613	0.96824	1.02902			
69.1929	1.02902	1.02902	1.25022			
70.2219	1.25022	1.25022	1.37553			
71.4722	1.37553	1.16488	1.2097			
72.637	1.2097	1.2097	1.14493			
73.8467	1.14493	1.14493	1.03854			
74.9917	1.03854	1.03854	1.01525			
76.0302	1.01525	1.01525	1.11073			
77.0454	1.11073	1.11073	1.2241			
78.1562	1.2241	1.2241	1.19097			
79.3803	1.19097	1.01977	1.05415			
80.4	1.05415	1.05415	1.1466			
81.4542	1.1466	1.1466	1.17631			
82.6008	1.17631	1.05766	1.0754			
83.6585	1.0754	1.0754	1.07267			
84.7339	1.07267	1.07267	1.04773			
85.8065	1.04773	1.04773	1.02883			
86.8543	1.02883	1.02883	1.03834			
87.8831	1.03834	1.03834	1.06516			
88.9214	1.06516	1.06516	1.07568			
89.9866	1.07568	1.07568	1.05443			
91.0623	1.05443	1.05443	1.02611			
92.1167	1.02611	1.02611	1.02722			
93.1428	1.02722	1.02722	1.06402			
94.17	1.06402	1.06402	1.10001			
95.2341	1.10001	1.10001	1.0868			
96.3341	1.0868	1.0868	1.02524			
97.4209	1.02524	1.02524	0.963264			
98.4461	0.963264	0.963264	0.973499			
99.4094	0.973499	0.973499	1.05145			
100.383	1.05145	1.05145	1.10399			
101.434	1.10399	1.10399	1.04672			
102.538	1.04672	0.939274	0.955013			
103.478	0.955013	0.955013	1.04641			
104.433	1.04641	1.04641	1.1059			
105.479	1.1059	1.1059	1.0369			
106.585	1.0369	0.910398	0.932635			
107.495	0.932635	0.932635	1.04613			
108.428	1.04613	1.04613	1.11963			
109.474	1.11963	1.11963	1.03233			
110.594	1.03233	0.87332	0.906169			
111.467	0.906169	0.906169	1.05422			
112.373	1.05422	1.05422	1.14982			
113.427	1.14982	1.03119	1.04918			
114.459	1.04918	1.04918	0.975593			
115.508	0.975593	0.975593	0.895022			
116.483	0.895022	0.895022	0.903686			
117.378	0.903686	0.903686	1.00504			
118.282	1.00504	1.00504	1.08648			
119.287	1.08648	0.67989	1.09165			
119.967	1.09165	0.655981	0.664476			
120.623	0.664476	0.31476	1.45879			
120.938	1.45879	1.18944	1.07359			
122.127	1.07359	1.07359	1.23091			
123.201	1.23091	1.23091	1.22859			
124.432	1.22859	1.22859	1.16766			
125.66	1.16766	0.788966	0.885721			
126.449	0.885721	0.885721	1.10424			
127.335	1.10424	1.10424	1.1818			
128.439	1.1818	0.929729	0.990496			
129.369	0.990496	0.990496	1.00721			
130.359	1.00721	1.00721	0.944997			
131.367	0.944997	0.944997	0.874503			
132.312	0.874503	0.874503	0.881367			
133.186	0.881367	0.881367	0.970452			
134.067	0.970452	0.970452	1.04333			
135.038	1.04333	1.04333	0.98845			
136.081	0.98845	0.856906	0.8817			
136.938	0.8817	0.8817	0.98686			
137.82	0.98686	0.98686	1.05095			
138.807	1.05095	1.05095	0.969109			
139.858	0.969109	0.829171	0.85694			
140.687	0.85694	0.85694	0.994919			
141.544	0.994919	0.994919	1.08903			
142.539	1.08903	1.08903	0.985914			
143.628	0.985914	0.794348	0.83815			
144.422	0.83815	0.83815	1.01975			
145.26	1.01975	1.01975	1.13851			
146.28	1.13851	0.984718	1.01485			
147.265	1.01485	1.01485	0.938416			
148.28	0.938416	0.938416	0.846576			
149.218	0.846576	0.846576	0.85142			
150.065	0.85142	0.85142	0.964241			
150.916	0.964241	0.964241	1.0658			
151.88	1.0658	1.0658	1.00333			
152.946	1.00333	0.831114	0.868736			
153.777	0.868736	0.868736	1.00142			
154.646	1.00142	1.00142	1.07639			
155.647	1.07639	0.967488	0.983507			
156.615	0.983507	0.983507	0.934237			
157.598	0.934237	0.934237	0.87725			
158.533	0.87725	0.87725	0.884344			
159.41	0.884344	0.884344	0.959139			
160.294	0.959139	0.959139	1.01915			
161.253	1.01915	1.01915	0.975873			
162.272	0.975873	0.874221	0.889317			
163.147	0.889317	0.889317	0.969916			
164.036	0.969916	0.969916	1.02508			
165.006	1.02508	1.02508	0.970637			
166.031	0.970637	0.866307	0.882362			
166.897	0.882362	0.882362	0.976627			
167.78	0.976627	0.976627	1.04408			
168.756	1.04408	1.04408	0.981389			
169.8	0.981389	0.854364	0.877724			
170.655	0.877724	0.877724	0.991234			
171.532	0.991234	0.991234	1.06792			
172.524	1.06792	1.06792	0.986827			
173.592	0.986827	0.83394	0.865554			
174.425	0.865554	0.865554	1.01001			
175.291	1.01001	1.01001	1.10713			
176.301	1.10713	1.10713	0.9993			
177.408	0.9993	0.802506	0.847681			
178.211	0.847681	0.847681	1.03736			
179.058	1.03736	1.03736	1.16434			
180.096	1.16434	1.00657	1.03753			
181.102	1.03753	1.03753	0.954979			
182.14	0.954979	0.859169	0.872589			
182.999	0.872589	0.872589	0.99396			
183.872	0.99396	0.99396	1.09323			
184.866	1.09323	1.09323	1.01874			
185.959	1.01874	0.842194	0.880918			
186.801	0.880918	0.880918	1.0289			
187.682	1.0289	1.0289	1.11901			
188.711	1.11901	1.00049	1.01899			
189.711	1.01899	1.01899	0.95782			
190.73	0.95782	0.95782	0.89			
191.688	0.89	0.89	0.901205			
192.578	0.901205	0.901205	0.993592			
193.479	0.993592	0.993592	1.06594			
194.473	1.06594	1.06594	1.00999			
195.539	1.00999	0.882314	0.905479			
196.421	0.905479	0.905479	1.01227			
197.327	1.01227	1.01227	1.08256			
198.339	1.08256	1.08256	1.00605			
199.421	1.00605	0.86493	0.892573			
200.286	0.892573	0.892573	1.02774			
201.179	1.02774	1.02774	1.12103			
202.207	1.12103	1.12103	1.02374			
203.328	1.02374	0.838585	0.880141			
204.166	0.880141	0.880141	1.05627			
205.046	1.05627	1.05627	1.17372			
206.103	1.17372	1.03318	1.0583			
207.136	1.0583	1.0583	0.978105			
208.194	0.978105	0.978105	0.890603			
209.172	0.890603	0.890603	0.906038			
210.063	0.906038	0.906038	1.02866			
210.969	1.02866	1.02866	1.1292			
211.998	1.1292	1.1292	1.05748			
213.127	1.05748	0.88404	0.921937			
214.011	0.921937	0.921937	1.07233			
214.933	1.07233	1.07233	1.12893			
216.005	1.12893	1.01587	1.02981			
217.021	1.02981	1.02981	0.969092			
218.051	0.969092	0.969092	0.964414			
219.02	0.964414	0.964414	0.985214			
219.984	0.985214	0.985214	1.0287			
220.97	1.0287	1.0287	1.09441			
221.998	1.09441	1.09441	1.18936			
223.093	1.18936	1.18936	1.33935			
224.282	1.33935	1.14462	1.18699			
225.427	1.18699	1.18699	1.07168			
226.614	1.07168	0.934573	0.962273			
227.548	0.962273	0.962273	1.14529			
228.51	1.14529	1.14529	1.29416			
229.656	1.29416	1.29416	1.17185			
230.95	1.17185	0.892149	0.967674			
231.842	0.967674	0.967674	1.21932			
232.81	1.21932	1.05316	1.0839			
233.863	1.0839	0.89304	0.934698			
234.756	0.934698	0.783746	0.814797			
235.54	0.814797	0.714246	0.730863			
236.254	0.730863	0.730863	0.672			
236.985	0.672	0.672	0.649029			
237.657	0.649029	0.649029	0.64334			
238.306	0.64334	0.64334	0.647474			
238.949	0.647474	0.647474	0.656037			
239.597	0.656037	0.656037	0.666156			
240.253	0.666156	0.666156	0.676482			
240.919	0.676482	0.676482	0.686476			
241.595	0.686476	0.686476	0.695906			
242.282	0.695906	0.695906	0.704621			
242.978	0.704621	0.704621	0.712485			
243.682	0.712485	0.712485	0.719371			
244.395	0.719371	0.719371	0.725176			
245.114	0.725176	0.725176	0.729839			
245.839	0.729839	0.729839	0.733349			
246.569	0.733349	0.733349	0.735754			
247.303	0.735754	0.735754	0.73715			
248.038	0.73715	0.73715	0.737673			
248.775	0.737673	0.737673	0.737471			
249.513	0.737471	0.737471	0.736697			
250.251	0.736697	0.736697	0.735484			
250.987	0.735484	0.735484	0.733947			
251.723	0.733947	0.733947	0.732181			
252.457	0.732181	0.732181	0.730274			
253.189	0.730274	0.730274	0.728272			
253.919	0.728272	0.728272	0.726221			
254.647	0.726221	0.726221	0.724176			
255.374	0.724176	0.724176	0.722178			
256.098	0.722178	0.722178	0.720239			
256.82	0.720239	0.720239	0.718363			
257.54	0.718363	0.718363	0.71634			
258.259	0.71634	0.71634	0.715939			
258.975	0.715939	0.715939	0.714421			
259.691	0.714421	0.714421	0.711692			
260.405	0.711692	0.711692	0.709344			
261.117	0.709344	0.709344	0.708767			
261.826	0.708767	0.708767	0.709341			
262.535	0.709341	0.709341	0.708997			
263.244	0.708997	0.708997	0.706711			
263.953	0.706711	0.706711	0.704003			
264.66	0.704003	0.704003	0.703317			
265.364	0.703317	0.703317	0.704978			
266.067	0.704978	0.704978	0.706408			
266.772	0.706408	0.706408	0.704994			
267.479	0.704994	0.704994	0.701553			
268.184	0.701553	0.701553	0.699873			
268.885	0.699873	0.699873	0.702262			
269.585	0.702262	0.702262	0.706242			
270.288	0.706242	0.706242	0.706813			
270.994	0.706813	0.706813	0.702605			
271.701	0.702605	0.702605	0.698486			
272.403	0.698486	0.698486	0.700315			
273.102	0.700315	0.700315	0.707467			
273.802	0.707467	0.707467	0.712215			
274.509	0.712215	0.712215	0.708344			
275.222	0.708344	0.708344	0.700031			
275.93	0.700031	0.700031	0.698369			
276.63	0.698369	0.698369	0.708173			
277.328	0.708173	0.708173	0.720404			
278.037	0.720404	0.720404	0.720477			
278.757	0.720477	0.720477	0.706953			
279.477	0.706953	0.706953	0.696631			
280.184	0.696631	0.696631	0.705524			
280.881	0.705524	0.705524	0.728529			
281.587	0.728529	0.728529	0.740362			
282.315	0.740362	0.740362	0.724029			
283.055	0.724029	0.724029	0.697932			
283.779	0.697932	0.697932	0.690861			
284.477	0.690861	0.690861	0.722272			
285.168	0.722272	0.722272	0.766718			
285.891	0.766718	0.766718	0.769113			
286.657	0.769113	0.769113	0.718734			
287.426	0.718734	0.718734	0.677129			
288.145	0.677129	0.677129	0.701056			
288.822	0.701056	0.506914	0.532042			
289.329	0.532042	0.287158	0.827459			
289.616	0.827459	0.0771059	0.38553			
289.693	0.38553	0.285544	0.259951			
289.979	0.259951	0.259951	0.56261			
290.239	0.56261	0.56261	0.67735			
290.802	0.67735	0.67735	0.892092			
291.479	0.892092	0.892092	0.924618			
292.371	0.924618	0.68776	0.746696			
293.059	0.746696	0.746696	0.815625			
293.805	0.815625	0.815625	0.805622			
294.621	0.805622	0.805622	0.726467			
295.427	0.726467	0.726467	0.681579			
296.153	0.681579	0.681579	0.734224			
296.835	0.734224	0.734224	0.844493			
297.569	0.844493	0.844493	0.880408			
298.413	0.880408	0.77978	0.796361			
299.193	0.796361	0.796361	0.796955			
299.99	0.796955	0.796955	0.785292			
300.787	0.785292	0.785292	0.782169			
301.572	0.782169	0.782169	0.800828			
302.354	0.800828	0.800828	0.829118			
303.155	0.829118	0.829118	0.839395			
303.984	0.839395	0.414638	0.902324			
304.399	0.902324	0.267711	1.33856			
304.666	1.33856	0.323316	0.294934			
304.99	0.294934	0.294934	1.01737			
305.285	1.01737	1.01737	1.13572			
306.302	1.13572	0.818266	0.897938			
307.12	0.897938	0.897938	0.917533			
308.018	0.917533	0.917533	0.848058			
308.936	0.848058	0.848058	0.783898			
309.784	0.783898	0.783898	0.814454			
310.568	0.814454	0.814454	0.927116			
311.382	0.927116	0.927116	0.996022			
312.309	0.996022	0.996022	0.926222			
313.305	0.926222	0.814499	0.833244			
314.12	0.833244	0.833244	0.950929			
314.953	0.950929	0.950929	1.03589			
315.904	1.03589	1.03589	0.977082			
316.94	0.977082	0.864689	0.882712			
317.804	0.882712	0.882712	0.986521			
318.687	0.986521	0.986521	1.05642			
319.674	1.05642	1.05642	1.0106			
320.73	1.0106	1.0106	0.932034			
321.741	0.932034	0.932034	0.937873			
322.673	0.937873	0.937873	1.03499			
323.611	1.03499	1.03499	1.10576			
324.646	1.10576	1.10576	1.07673			
325.751	1.07673	1.07673	1.02168			
326.828	1.02168	1.02168	1.03471			
327.85	1.03471	1.03471	1.108			
328.884	1.108	1.108	1.15214			
329.992	1.15214	1.15214	1.14054			
331.145	1.14054	1.14054	1.12895			
332.285	1.12895	1.12895	1.15565			
333.414	1.15565	1.15565	1.19557			
334.57	1.19557	1.19557	1.21644			
335.765	1.21644	1.21644	1.22684			
336.982	1.22684	1.22684	1.24524			
338.209	1.24524	1.24524	1.27034			
339.454	1.27034	1.27034	1.23298			
340.724	1.23298	1.02136	1.06525			
341.746	1.06525	1.06525	1.1892			
342.811	1.1892	1.1892	1.25008			
344	1.25008	1.25008	1.15178			
345.25	1.15178	1.01438	1.03632			
346.264	1.03632	1.03632	1.19209			
347.301	1.19209	1.19209	1.31644			
348.493	1.31644	1.31644	1.2224			
349.809	1.2224	1.00901	1.05363			
350.818	1.05363	1.05363	1.23717			
351.872	1.23717	1.23717	1.35742			
353.109	1.35742	1.35742	1.22297			
354.467	1.22297	0.987079	1.03842			
355.454	1.03842	1.03842	1.27102			
356.492	1.27102	1.27102	1.4357			
357.763	1.4357	1.25726	1.28887			
359.02	1.28887	1.28887	1.17469			
360.309	1.17469	1.17469	1.05965			
361.484	1.05965	1.05965	1.08814			
362.544	1.08814	1.08814	1.25647			
363.632	1.25647	0.165508	0.827542			
363.797	0.827542	0.195821	0.979107			
363.993	0.979107	0.0454328	0.0412943			
364.038	0.0412943	0.0412943	0.206471			
364.08	0.206471	0.206471	1.03236			
364.286	1.03236	0.362433	1.62045			
364.649	1.62045	0.293619	1.46809			
364.942	1.46809	0.0559768	0.279884			
364.998	0.279884	0.0506801	0.0460821			
365.049	0.0460821	0.0460821	0.230411			
365.095	0.230411	0.230411	1.15205			
365.325	1.15205	1.15205	2.52281			
366.477	2.52281	2.52281	2.58405			
369	2.58405	1.05793	1.41381			
370.058	1.41381	1.41381	1.60598			
371.472	1.60598	1.24261	1.33028			
372.715	1.33028	1.33028	1.27882			
374.045	1.27882	1.14296	1.16294			
375.188	1.16294	1.16294	1.26599			
376.351	1.26599	1.26599	1.33742			
377.617	1.33742	1.33742	1.27162			
378.954	1.27162	1.27162	1.1446			
380.226	1.1446	1.1446	1.11444			
381.37	1.11444	1.11444	1.23418			
382.485	1.23418	1.23418	1.38942			
383.719	1.38942	1.38942	1.36829			
385.108	1.36829	1.1616	1.20334			
386.27	1.20334	1.20334	1.30407			
387.473	1.30407	1.30407	1.34179			
388.777	1.34179	1.34179	1.25141			
390.119	1.25141	1.25141	1.14125			
391.371	1.14125	1.14125	1.14725			
392.512	1.14725	1.14725	1.28265			
393.659	1.28265	1.28265	1.40206			
394.942	1.40206	1.40206	1.32727			
396.344	1.32727	1.12571	1.16646			
397.47	1.16646	1.16646	1.32037			
398.636	1.32037	1.32037	1.4082			
399.956	1.4082	1.4082	1.28406			
401.365	1.28406	1.08446	1.12515			
402.449	1.12515	1.12515	1.32881			
403.574	1.32881	1.32881	1.46819			
404.903	1.46819	1.31034	1.33521			
406.213	1.33521	1.33521	1.22929			
407.549	1.22929	1.22929	1.11823			
408.778	1.11823	1.11823	1.13568			
409.896	1.13568	1.13568	1.28076			
411.032	1.28076	1.28076	1.39069			
412.313	1.39069	1.39069	1.29147			
413.703	1.29147	1.07963	1.12437			
414.783	1.12437	1.12437	1.30574			
415.907	1.30574	1.30574	1.41318			
417.213	1.41318	1.26042	1.28462			
418.473	1.28462	1.28462	1.21051			
419.758	1.21051	1.21051	1.12098			
420.969	1.12098	1.12098	1.12279			
422.09	1.12279	1.12279	1.22534			
423.212	1.22534	1.22534	1.31276			
424.438	1.31276	1.31276	1.25124			
425.75	1.25124	1.09589	1.12326			
426.846	1.12326	1.12326	1.23908			
427.97	1.23908	1.23908	1.30481			
429.209	1.30481	1.30481	1.20981			
430.513	1.20981	1.05688	1.08388			
431.57	1.08388	1.08388	1.23555			
432.654	1.23555	1.23555	1.33924			
433.89	1.33924	1.33924	1.22766			
435.229	1.22766	1.0198	1.06317			
436.249	1.06317	1.06317	1.25745			
437.312	1.25745	1.25745	1.25277			
438.569	1.25277	1.25277	1.19283			
439.822	1.19283	1.19283	1.1644			
441.015	1.1644	1.1644	1.1503			
442.179	1.1503	1.1503	1.17352			
443.33	1.17352	1.17352	1.21071			
444.503	1.21071	1.21071	1.21237			
445.714	1.21237	1.21237	1.16753			
446.926	1.16753	1.16753	1.10678			
448.094	1.10678	1.10678	1.10347			
449.201	1.10347	1.10347	1.17087			
450.304	1.17087	1.17087	1.23934			
451.475	1.23934	1.23934	1.23762			
452.714	1.23762	1.23762	1.19121			
453.952	1.19121	1.19121	1.18619			
455.143	1.18619	1.18619	1.26261			
456.329	1.26261	1.26261	1.36841			
457.592	1.36841	1.36841	1.39263			
458.96	1.39263	1.39263	1.28302			
460.353	1.28302	1.1422	1.16315			
461.495	1.16315	1.16315	1.30159			
462.658	1.30159	1.30159	1.32546			
463.96	1.32546	1.14592	1.18037			
465.106	1.18037	1.18037	1.19183			
466.286	1.19183	1.19183	1.14015			
467.478	1.14015	1.14015	1.06795			
468.618	1.06795	1.06795	1.04853			
469.686	1.04853	1.04853	1.09869			
470.735	1.09869	1.09869	1.15256			
471.833	1.15256	1.15256	1.12359			
472.986	1.12359	1.12359	1.02847			
474.109	1.02847	1.02847	0.974067			
475.138	0.974067	0.974067	1.02296			
476.112	1.02296	1.02296	1.12588			
477.135	1.12588	1.12588	1.14601			
478.261	1.14601	1.14601	1.03187			
479.407	1.03187	0.916026	0.934141			
480.323	0.934141	0.934141	1.08815			
481.257	1.08815	1.08815	1.20764			
482.345	1.20764	1.20764	1.09923			
483.553	1.09923	0.869731	0.922413			
484.423	0.922413	0.5686	1.19336			
484.991	1.19336	0.742548	0.704049			
485.734	0.704049	0.257645	1.28823			
485.991	1.28823	0.98355	0.899167			
486.975	0.899167	0.899167	2.95135			
487.874	2.95135	2.34795	2.4607			
490.222	2.4607	1.00354	0.945038			
491.226	0.945038	0.945038	0.953906			
492.171	0.953906	0.953906	1.04141			
493.125	1.04141	1.04141	1.11627			
494.166	1.11627	1.11627	1.07551			
495.282	1.07551	0.921614	0.955163			
496.204	0.955163	0.718733	0.774914			
496.923	0.774914	0.658947	0.680011			
497.581	0.680011	0.680011	0.635968			
498.261	0.635968	0.635968	0.63614			
498.897	0.63614	0.63614	0.65248			
499.534	0.65248	0.65248	0.67546			
500.186	0.67546	0.67546	0.697154			
500.862	0.697154	0.697154	0.71478			
501.559	0.71478	0.71478	0.728683			
502.273	0.728683	0.728683	0.740059			
503.002	0.740059	0.740059	0.749725			
503.742	0.749725	0.749725	0.758038			
504.492	0.758038	0.758038	0.765091			
505.25	0.765091	0.765091	0.770855			
506.015	0.770855	0.770855	0.775254			
506.786	0.775254	0.775254	0.778212			
507.561	0.778212	0.778212	0.779702			
508.339	0.779702	0.779702	0.779705			
509.119	0.779705	0.779705	0.778322			
509.899	0.778322	0.778322	0.773499			
510.677	0.773499	0.773499	0.772677			
511.451	0.772677	0.772677	0.771508			
512.223	0.771508	0.771508	0.76702			
512.995	0.76702	0.76702	0.75977			
513.762	0.75977	0.75977	0.752913			
514.522	0.752913	0.752913	0.748539			
515.275	0.748539	0.748539	0.745443			
516.023	0.745443	0.745443	0.740691			
516.768	0.740691	0.740691	0.733276			
517.509	0.733276	0.733276	0.725605			
518.242	0.725605	0.725605	0.720829			
518.968	0.720829	0.720829	0.718958			
519.689	0.718958	0.718958	0.71643			
520.408	0.71643	0.71643	0.710164			
521.124	0.710164	0.710164	0.701701			
521.834	0.701701	0.701701	0.695962			
522.536	0.695962	0.695962	0.695388			
523.232	0.695388	0.695388	0.696313			
523.927	0.696313	0.696313	0.692505			
524.624	0.692505	0.692505	0.682962			
525.316	0.682962	0.682962	0.674316			
525.999	0.674316	0.674316	0.673439			
526.674	0.673439	0.673439	0.678562			
527.347	0.678562	0.678562	0.679689			
528.026	0.679689	0.679689	0.670039			
528.705	0.670039	0.670039	0.656118			
529.375	0.656118	0.656118	0.651426			
530.031	0.651426	0.651426	0.660145			
530.683	0.660145	0.660145	0.6699			
531.343	0.6699	0.6699	0.663868			
532.013	0.663868	0.663868	0.643157			
532.677	0.643157	0.643157	0.62893			
533.32	0.62893	0.62893	0.637525			
533.949	0.637525	0.637525	0.659507			
534.586	0.659507	0.659507	0.665017			
535.246	0.665017	0.665017	0.639292			
535.911	0.639292	0.639292	0.608128			
536.55	0.608128	0.608128	0.607768			
537.158	0.607768	0.607768	0.642177			
537.766	0.642177	0.642177	0.671608			
538.408	0.671608	0.671608	0.650207			
539.08	0.650207	0.650207	0.595247			
539.73	0.595247	0.595247	0.570763			
540.325	0.570763	0.570763	0.609347			
540.896	0.609347	0.609347	0.675588			
541.505	0.675588	0.675588	0.681603			
542.181	0.681603	0.599385	0.613867			
542.78	0.613867	0.613867	0.633384			
543.394	0.633384	0.633384	0.629849			
544.028	0.629849	0.629849	0.600782			
544.658	0.600782	0.600782	0.578139			
545.258	0.578139	0.578139	0.589703			
545.836	0.589703	0.589703	0.625893			
546.426	0.625893	0.625893	0.641625			
547.052	0.641625	0.641625	0.607521			
547.694	0.607521	0.607521	0.559906			
548.301	0.559906	0.559906	0.555356			
548.861	0.555356	0.555356	0.605689			
549.416	0.605689	0.605689	0.657735			
550.022	0.657735	0.657735	0.634707			
550.68	0.634707	0.550125	0.566149			
551.23	0.566149	0.566149	0.620518			
551.796	0.620518	0.620518	0.647944			
552.417	0.647944	0.647944	0.59998			
553.065	0.59998	0.528434	0.540694			
553.593	0.540694	0.540694	0.616685			
554.134	0.616685	0.616685	0.672183			
554.75	0.672183	0.672183	0.616397			
555.423	0.616397	0.503247	0.528619			
555.926	0.528619	0.528619	0.631252			
556.454	0.631252	0.631252	0.696562			
557.086	0.696562	0.606541	0.623547			
557.692	0.623547	0.623547	0.580827			
558.316	0.580827	0.580827	0.5243			
558.897	0.5243	0.5243	0.523987			
559.421	0.523987	0.523987	0.589361			
559.945	0.589361	0.589361	0.651952			
560.534	0.651952	0.651952	0.617033			
561.186	0.617033	0.510231	0.533685			
561.696	0.533685	0.533685	0.611889			
562.23	0.611889	0.611889	0.653203			
562.842	0.653203	0.583897	0.594675			
563.426	0.594675	0.594675	0.569458			
564.021	0.569458	0.569458	0.535363			
564.59	0.535363	0.535363	0.533676			
565.125	0.533676	0.533676	0.571553			
565.659	0.571553	0.571553	0.607626			
566.231	0.607626	0.607626	0.589114			
566.838	0.589114	0.589114	0.531529			
567.427	0.531529	0.531529	0.504105			
567.959	0.504105	0.504105	0.543432			
568.463	0.543432	0.543432	0.615462			
569.006	0.615462	0.615462	0.627108			
569.622	0.627108	0.542921	0.559063			
570.165	0.559063	0.559063	0.575661			
570.724	0.575661	0.575661	0.569127			
571.3	0.569127	0.569127	0.543159			
571.869	0.543159	0.543159	0.528152			
572.412	0.528152	0.528152	0.544357			
572.94	0.544357	0.544357	0.576756			
573.484	0.576756	0.576756	0.584152			
574.061	0.584152	0.584152	0.550137			
574.645	0.550137	0.550137	0.513782			
575.195	0.513782	0.513782	0.519961			
575.709	0.519961	0.519961	0.56874			
576.229	0.56874	0.56874	0.605457			
576.798	0.605457	0.605457	0.573425			
577.403	0.573425	0.504371	0.516323			
577.908	0.516323	0.516323	0.574916			
578.424	0.574916	0.574916	0.613533			
578.999	0.613533	0.613533	0.569984			
579.612	0.569984	0.489335	0.50511			
580.102	0.50511	0.50511	0.581547			
580.607	0.581547	0.581547	0.63343			
581.188	0.63343	0.63343	0.575632			
581.822	0.575632	0.467949	0.492174			
582.29	0.492174	0.492174	0.595098			
582.782	0.595098	0.595098	0.663953			
583.377	0.663953	0.577023	0.59358			
583.954	0.59358	0.59358	0.547439			
584.548	0.547439	0.547439	0.493133			
585.095	0.493133	0.493133	0.496583			
585.588	0.496583	0.496583	0.56421			
586.085	0.56421	0.56421	0.62516			
586.649	0.62516	0.62516	0.586702			
587.274	0.586702	0.481216	0.504652			
587.755	0.504652	0.504652	0.58524			
588.26	0.58524	0.58524	0.632572			
588.845	0.632572	0.565195	0.575694			
589.411	0.575694	0.575694	0.544263			
589.986	0.544263	0.544263	0.507011			
590.531	0.507011	0.507011	0.510194			
591.038	0.510194	0.510194	0.557678			
591.548	0.557678	0.557678	0.598048			
592.105	0.598048	0.598048	0.571184			
592.703	0.571184	0.501877	0.513944			
593.205	0.513944	0.513944	0.56774			
593.719	0.56774	0.56774	0.602176			
594.287	0.602176	0.602176	0.562256			
594.889	0.562256	0.490312	0.503364			
595.38	0.503364	0.503364	0.572811			
595.883	0.572811	0.572811	0.622268			
596.456	0.622268	0.622268	0.572613			
597.078	0.572613	0.473972	0.495406			
597.552	0.495406	0.495406	0.58714			
598.047	0.58714	0.58714	0.648727			
598.634	0.648727	0.574991	0.587336			
599.209	0.587336	0.587336	0.543037			
599.797	0.543037	0.543037	0.494771			
600.34	0.494771	0.494771	0.502075			
600.835	0.502075	0.502075	0.567511			
601.337	0.567511	0.567511	0.621594			
601.904	0.621594	0.621594	0.581187			
602.526	0.581187	0.483269	0.504359			
603.009	0.504359	0.504359	0.586524			
603.513	0.586524	0.586524	0.63835			
604.1	0.63835	0.572515	0.582342			
604.672	0.582342	0.582342	0.545245			
605.255	0.545245	0.545245	0.504894			
605.8	0.504894	0.504894	0.511895			
606.305	0.511895	0.511895	0.567893			
606.817	0.567893	0.567893	0.61279			
607.385	0.61279	0.61279	0.578401			
607.998	0.578401	0.497148	0.512936			
608.495	0.512936	0.512936	0.581456			
609.008	0.581456	0.581456	0.626984			
609.589	0.626984	0.626984	0.575884			
610.216	0.575884	0.48113	0.501227			
610.697	0.501227	0.501227	0.593842			
611.198	0.593842	0.593842	0.660116			
611.792	0.660116	0.589253	0.600358			
612.381	0.600358	0.600358	0.549094			
612.982	0.549094	0.549094	0.497398			
613.531	0.497398	0.497398	0.509302			
614.028	0.509302	0.509302	0.584865			
614.538	0.584865	0.584865	0.644631			
615.123	0.644631	0.644631	0.594599			
615.767	0.594599	0.482337	0.507619			
616.249	0.507619	0.507619	0.607362			
616.757	0.607362	0.607362	0.674483			
617.364	0.674483	0.591865	0.606609			
617.956	0.606609	0.606609	0.560439			
618.563	0.560439	0.560439	0.508502			
619.123	0.508502	0.508502	0.51537			
619.632	0.51537	0.51537	0.586228			
620.147	0.586228	0.586228	0.648927			
620.733	0.648927	0.648927	0.608291			
621.382	0.608291	0.498655	0.522918			
621.881	0.522918	0.522918	0.612286			
622.404	0.612286	0.612286	0.669468			
623.016	0.669468	0.596815	0.608257			
623.613	0.608257	0.608257	0.568388			
624.221	0.568388	0.568388	0.524578			
624.79	0.524578	0.524578	0.532446			
625.314	0.532446	0.532446	0.595124			
625.847	0.595124	0.595124	0.647801			
626.442	0.647801	0.647801	0.611194			
627.09	0.611194	0.517995	0.536977			
627.608	0.536977	0.536977	0.614947			
628.145	0.614947	0.614947	0.668079			
628.76	0.668079	0.668079	0.610175			
629.428	0.610175	0.500747	0.52479			
629.928	0.52479	0.52479	0.632927			
630.453	0.632927	0.632927	0.71445			
631.086	0.71445	0.630763	0.645028			
631.717	0.645028	0.645028	0.582239			
632.362	0.582239	0.518431	0.528246			
632.88	0.528246	0.528246	0.621763			
633.409	0.621763	0.621763	0.708482			
634.03	0.708482	0.708482	0.654227			
634.739	0.654227	0.504071	0.539898			
635.243	0.539898	0.539898	0.662818			
635.783	0.662818	0.662818	0.743774			
636.446	0.743774	0.633119	0.655685			
637.079	0.655685	0.655685	0.60799			
637.734	0.60799	0.546931	0.55536			
638.281	0.55536	0.55536	0.631447			
638.837	0.631447	0.631447	0.699715			
639.468	0.699715	0.699715	0.657734			
640.168	0.657734	0.540317	0.566096			
640.708	0.566096	0.566096	0.662188			
641.274	0.662188	0.662188	0.726805			
641.936	0.726805	0.652526	0.663296			
642.589	0.663296	0.663296	0.615576			
643.252	0.615576	0.615576	0.567615			
643.868	0.567615	0.567615	0.581813			
644.435	0.581813	0.581813	0.658356			
645.017	0.658356	0.658356	0.718743			
645.676	0.718743	0.718743	0.670785			
646.394	0.670785	0.560485	0.583736			
646.955	0.583736	0.583736	0.683305			
647.539	0.683305	0.683305	0.756354			
648.222	0.756354	0.756354	0.685078			
648.978	0.685078	0.542702	0.57555			
649.521	0.57555	0.57555	0.713357			
650.097	0.713357	0.713357	0.819152			
650.81	0.819152	0.7084	0.729547			
651.518	0.729547	0.652364	0.663927			
652.171	0.663927	0.663927	0.669348			
652.835	0.669348	0.669348	0.664032			
653.504	0.664032	0.664032	0.657069			
654.168	0.657069	0.319189	0.501149			
654.487	0.501149	0.187181	0.71899			
654.674	0.71899	0.227959	0.219757			
654.902	0.219757	0.219757	0.471211			
655.122	0.471211	0.471211	0.559151			
655.593	0.559151	0.559151	0.795421			
656.152	0.795421	0.795421	0.914216			
656.948	0.914216	0.685656	0.742956			
657.633	0.742956	0.742956	0.722798			
658.376	0.722798	0.649862	0.660101			
659.026	0.660101	0.660101	0.70977			
659.686	0.70977	0.70977	0.746796			
660.396	0.746796	0.746796	0.723091			
661.143	0.723091	0.723091	0.669091			
661.866	0.669091	0.669091	0.656875			
662.535	0.656875	0.656875	0.714258			
663.192	0.714258	0.714258	0.790152			
663.906	0.790152	0.790152	0.78902			
664.696	0.78902	0.704532	0.717299			
665.401	0.717299	0.717299	0.752729			
666.118	0.752729	0.752729	0.775781			
666.871	0.775781	0.775781	0.759385			
667.647	0.759385	0.759385	0.72641			
668.406	0.72641	0.72641	0.724671			
669.133	0.724671	0.369777	0.839675			
669.502	0.839675	0.182097	0.910485			
669.684	0.910485	0.333958	0.300674			
670.018	0.300674	0.300674	0.905556			
670.319	0.905556	0.905556	1.05019			
671.225	1.05019	0.803579	0.863934			
672.028	0.863934	0.863934	0.821065			
672.892	0.821065	0.728932	0.743433			
673.621	0.743433	0.743433	0.827431			
674.365	0.827431	0.827431	0.892543			
675.192	0.892543	0.892543	0.850552			
676.084	0.850552	0.756576	0.771114			
676.841	0.771114	0.771114	0.854279			
677.612	0.854279	0.854279	0.917548			
678.466	0.917548	0.917548	0.877742			
679.384	0.877742	0.877742	0.791825			
680.262	0.791825	0.791825	0.776543			
681.054	0.776543	0.776543	0.867779			
681.83	0.867779	0.867779	0.974079			
682.698	0.974079	0.974079	0.958433			
683.672	0.958433	0.845183	0.864117			
684.517	0.864117	0.864117	0.926313			
685.381	0.926313	0.926313	0.965173			
686.308	0.965173	0.965173	0.939057			
687.273	0.939057	0.939057	0.894829			
688.212	0.894829	0.894829	0.902543			
689.107	0.902543	0.902543	0.968411			
690.009	0.968411	0.968411	1.02188			
690.978	1.02188	1.02188	1.00555			
691.999	1.00555	1.00555	0.959267			
693.005	0.959267	0.959267	0.959702			
693.964	0.959702	0.959702	1.02165			
694.924	1.02165	1.02165	1.0784			
695.946	1.0784	1.0784	1.0723			
697.024	1.0723	1.0723	1.03662			
698.096	1.03662	1.03662	1.03943			
699.133	1.03943	1.03943	1.09273			
700.172	1.09273	1.09273	1.14054			
701.265	1.14054	1.14054	1.14222			
702.406	1.14222	1.14222	1.12662			
703.548	1.12662	1.12662	1.13989			
704.675	1.13989	1.13989	1.18231			
705.814	1.18231	1.18231	1.2161			
706.997	1.2161	1.2161	1.22547			
708.213	1.22547	1.22547	1.23216			
709.438	1.23216	1.23216	1.25564			
710.67	1.25564	1.25564	1.28823			
711.926	1.28823	1.28823	1.31412			
713.214	1.31412	1.31412	1.33355			
714.528	1.33355	1.33355	1.356			
715.862	1.356	1.356	1.33413			
717.218	1.33413	1.11356	1.15735			
718.332	1.15735	1.15735	1.26678			
719.489	1.26678	1.26678	1.31428			
720.756	1.31428	1.31428	1.22637			
722.07	1.22637	1.22637	1.11452			
723.296	1.11452	1.11452	1.12061			
724.411	1.12061	1.12061	1.2605			
725.531	1.2605	1.2605	1.38871			
726.792	1.38871	1.38871	1.32123			
728.181	1.32123	0.360075	1.32296			
728.541	1.32296	0.437601	1.61581			
728.978	1.61581	0.0188701	0.0943506			
728.997	0.0943506	0.0445107	0.0405867			
729.042	0.0405867	0.0405867	0.202934			
729.082	0.202934	0.202934	1.01467			
729.285	1.01467	0.356431	1.61988			
729.642	1.61988	0.29369	1.46845			
729.935	1.46845	0.055966	0.27983			
729.991	0.27983	0.0506726	0.0460756			
730.042	0.0460756	0.0460756	0.230378			
730.088	0.230378	0.230378	1.15189			
730.318	1.15189	1.15189	1.57134			
731.47	1.57134	1.57134	1.76099			
733.042	1.76099	1.76099	1.80645			
734.803	1.80645	1.80645	1.65851			
736.609	1.65851	0.95066	1.11486			
737.56	1.11486	1.11486	1.50674			
738.675	1.50674	1.50674	1.68258			
740.181	1.68258	1.25682	1.35959			
741.438	1.35959	1.35959	1.35436			
742.798	1.35436	1.35436	1.23401			
744.152	1.23401	1.23401	1.14903			
745.386	1.14903	1.14903	1.20853			
746.535	1.20853	1.20853	1.36914			
747.744	1.36914	1.36914	1.43868			
749.113	1.43868	1.43868	1.29774			
750.552	1.29774	1.11339	1.14751			
751.665	1.14751	1.14751	1.36164			
752.812	1.36164	1.36164	1.52353			
754.174	1.52353	1.52353	1.37425			
755.698	1.37425	1.07347	1.14176			
756.771	1.14176	1.14176	1.40904			
757.913	1.40904	1.40904	1.57745			
759.322	1.57745	1.3429	1.39037			
760.665	1.39037	1.39037	1.29221			
762.055	1.29221	1.29221	1.16508			
763.347	1.16508	1.16508	1.16281			
764.512	1.16281	1.16281	1.30639			
765.675	1.30639	1.30639	1.44291			
766.982	1.44291	1.44291	1.36892			
768.425	1.36892	1.14488	1.19132			
769.569	1.19132	1.19132	1.3509			
770.761	1.3509	1.3509	1.43385			
772.112	1.43385	1.43385	1.29787			
773.546	1.29787	1.09478	1.13554			
774.64	1.13554	1.13554	1.34953			
775.776	1.34953	1.34953	1.49793			
777.125	1.49793	1.33023	1.35751			
778.456	1.35751	1.35751	1.24505			
779.813	1.24505	1.24505	1.12646			
781.058	1.12646	1.12646	1.14291			
782.185	1.14291	1.14291	1.29418			
783.328	1.29418	1.29418	1.41079			
784.622	1.41079	1.41079	1.30847			
786.033	1.30847	1.08742	1.13381			
787.12	1.13381	1.13381	1.32079			
788.254	1.32079	1.32079	1.43186			
789.575	1.43186	1.27608	1.30033			
790.851	1.30033	1.30033	1.22511			
792.151	1.22511	1.22511	1.13739			
793.376	1.13739	1.13739	1.14437			
794.513	1.14437	1.14437	1.25227			
795.658	1.25227	1.25227	1.34136			
796.91	1.34136	1.34136	1.28014			
798.251	1.28014	1.13239	1.15536			
799.384	1.15536	1.15536	1.27045			
800.539	1.27045	1.27045	1.34676			
801.81	1.34676	1.34676	1.26844			
803.156	1.26844	1.12506	1.14642			
804.281	1.14642	1.14642	1.27657			
805.428	1.27657	1.27657	1.36738			
806.704	1.36738	1.36738	1.27788			
808.072	1.27788	1.10264	1.13373			
809.174	1.13373	1.13373	1.28474			
810.308	1.28474	1.28474	1.37776			
811.593	1.37776	1.37776	1.24533			
812.971	1.24533	1.0332	1.07452			
814.004	1.07452	1.07452	1.2673			
815.078	1.2673	1.2673	1.38224			
816.346	1.38224	1.38224	1.30273			
817.728	1.30273	1.30273	1.19644			
819.031	1.19644	1.19644	1.25287			
820.227	1.25287	1.25287	1.49114			
821.48	1.49114	1.49114	1.50265			
822.971	1.50265	1.50265	1.46141			
824.474	1.46141	1.46141	1.45799			
825.935	1.45799	1.45799	1.47081			
827.393	1.47081	1.47081	1.48443			
828.864	1.48443	1.48443	1.51407			
830.348	1.51407	1.51407	1.3851			
831.862	1.3851	1.10347	1.17597			
832.966	1.17597	1.17597	1.4028			
834.142	1.4028	1.4028	1.49755			
835.545	1.49755	1.21476	1.28523			
836.76	1.28523	1.28523	1.26901			
838.045	1.26901	1.26901	1.14911			
839.314	1.14911	1.14911	1.05121			
840.463	1.05121	1.05121	1.08225			
841.514	1.08225	1.08225	1.21936			
842.596	1.21936	1.21936	1.29458			
843.816	1.29458	1.29458	1.16681			
845.11	1.16681	0.962601	1.00995			
846.073	1.00995	1.00995	1.21778			
847.083	1.21778	1.21778	1.35303			
848.301	1.35303	1.16798	1.20604			
849.469	1.20604	0.461582	1.26889			
849.93	1.26889	0.752111	0.691731			
850.682	0.691731	0.272443	1.36222			
850.955	1.36222	0.858149	0.786677			
851.813	0.786677	0.786677	1.87714			
852.6	1.87714	1.45463	1.56514			
854.054	1.56514	1.21957	1.30323			
855.274	1.30323	1.12125	1.15664			
856.395	1.15664	1.04066	1.05654			
857.436	1.05654	1.05654	0.982369			
858.492	0.982369	0.982369	0.939159			
859.475	0.939159	0.939159	0.907743			
860.414	0.907743	0.907743	0.882958			
861.321	0.882958	0.882958	0.862416			
862.204	0.862416	0.862416	0.845109			
863.067	0.845109	0.845109	0.830593			
863.912	0.830593	0.830593	0.818595			
864.743	0.818595	0.818595	0.808848			
865.561	0.808848	0.808848	0.801065			
866.37	0.801065	0.801065	0.794936			
867.171	0.794936	0.794936	0.790151			
867.966	0.790151	0.790151	0.786408			
868.756	0.786408	0.786408	0.783425			
869.543	0.783425	0.783425	0.780937			
870.326	0.780937	0.780937	0.778704			
871.107	0.778704	0.778704	0.776511			
871.886	0.776511	0.776511	0.774171			
872.662	0.774171	0.774171	0.771538			
873.436	0.771538	0.771538	0.768507			
874.208	0.768507	0.768507	0.765021			
874.976	0.765021	0.765021	0.76107			
875.741	0.76107	0.76107	0.756613			
876.502	0.756613	0.756613	0.754213			
877.259	0.754213	0.754213	0.748668			
878.013	0.748668	0.748668	0.741562			
878.762	0.741562	0.741562	0.735662			
879.503	0.735662	0.735662	0.731684			
880.239	0.731684	0.731684	0.727793			
880.971	0.727793	0.727793	0.722045			
881.699	0.722045	0.722045	0.714823			
882.421	0.714823	0.714823	0.708453			
883.135	0.708453	0.708453	0.704441			
883.844	0.704441	0.704441	0.701563			
884.548	0.701563	0.701563	0.697178			
885.25	0.697178	0.697178	0.690463			
885.947	0.690463	0.690463	0.683732			
886.638	0.683732	0.683732	0.67987			
887.321	0.67987	0.67987	0.678701			
888.001	0.678701	0.678701	0.676697			
888.68	0.676697	0.676697	0.670988			
889.357	0.670988	0.670988	0.6633			
890.028	0.6633	0.6633	0.658489			
890.691	0.658489	0.658489	0.658736			
891.349	0.658736	0.658736	0.660183			
892.008	0.660183	0.660183	0.656715			
892.668	0.656715	0.656715	0.64769			
893.325	0.64769	0.64769	0.639926			
893.973	0.639926	0.639926	0.640043			
894.613	0.640043	0.640043	0.645831			
895.253	0.645831	0.645831	0.647165			
895.898	0.647165	0.647165	0.637705			
896.546	0.637705	0.637705	0.624523			
897.183	0.624523	0.624523	0.621059			
897.808	0.621059	0.621059	0.630821			
898.429	0.630821	0.630821	0.640884			
899.06	0.640884	0.640884	0.634648			
899.701	0.634648	0.634648	0.614229			
900.335	0.614229	0.614229	0.601298			
900.95	0.601298	0.601298	0.611527			
901.551	0.611527	0.611527	0.63436			
902.162	0.63436	0.63436	0.639428			
902.797	0.639428	0.639428	0.613118			
903.436	0.613118	0.613118	0.582855			
904.049	0.582855	0.582855	0.584692			
904.632	0.584692	0.584692	0.621069			
905.217	0.621069	0.621069	0.650551			
905.838	0.650551	0.650551	0.627393			
906.488	0.627393	0.627393	0.571988			
907.116	0.571988	0.571988	0.549743			
907.688	0.549743	0.549743	0.591725			
908.238	0.591725	0.591725	0.659937			
908.829	0.659937	0.659937	0.66375			
909.489	0.66375	0.577154	0.59338			
910.066	0.59338	0.59338	0.618782			
910.66	0.618782	0.618782	0.619159			
911.279	0.619159	0.619159	0.586871			
911.898	0.586871	0.586871	0.558119			
912.485	0.558119	0.558119	0.568547			
913.043	0.568547	0.568547	0.612129			
913.611	0.612129	0.612129	0.637505			
914.223	0.637505	0.637505	0.602272			
914.861	0.602272	0.602272	0.543995			
915.463	0.543995	0.543995	0.532397			
916.007	0.532397	0.532397	0.588607			
916.54	0.588607	0.588607	0.658059			
917.128	0.658059	0.658059	0.642415			
917.786	0.642415	0.539774	0.561534			
918.326	0.561534	0.561534	0.617242			
918.887	0.617242	0.617242	0.638861			
919.505	0.638861	0.638861	0.58549			
920.144	0.58549	0.517617	0.528882			
920.661	0.528882	0.528882	0.609974			
921.19	0.609974	0.609974	0.673788			
921.8	0.673788	0.673788	0.617658			
922.474	0.617658	0.494486	0.522912			
922.968	0.522912	0.522912	0.630953			
923.491	0.630953	0.630953	0.698888			
924.122	0.698888	0.602153	0.621308			
924.724	0.621308	0.621308	0.579714			
925.346	0.579714	0.579714	0.524765			
925.925	0.524765	0.524765	0.522849			
926.45	0.522849	0.522849	0.585408			
926.973	0.585408	0.585408	0.648121			
927.558	0.648121	0.648121	0.618018			
928.207	0.618018	0.515132	0.537303			
928.722	0.537303	0.537303	0.609263			
929.259	0.609263	0.609263	0.646784			
929.868	0.646784	0.646784	0.584505			
930.515	0.584505	0.490586	0.510302			
931.006	0.510302	0.510302	0.612146			
931.516	0.612146	0.612146	0.686736			
932.128	0.686736	0.607274	0.620902			
932.735	0.620902	0.620902	0.563404			
933.356	0.563404	0.503161	0.512277			
933.859	0.512277	0.512277	0.594723			
934.372	0.594723	0.594723	0.663356			
934.966	0.663356	0.663356	0.609782			
935.63	0.609782	0.483739	0.513151			
936.113	0.513151	0.513151	0.619836			
936.627	0.619836	0.619836	0.684482			
937.246	0.684482	0.588409	0.607589			
937.835	0.607589	0.607589	0.570487			
938.442	0.570487	0.570487	0.519447			
939.013	0.519447	0.519447	0.51671			
939.532	0.51671	0.51671	0.574151			
940.049	0.574151	0.574151	0.63277			
940.623	0.63277	0.63277	0.607103			
941.256	0.607103	0.514066	0.533258			
941.77	0.533258	0.533258	0.596225			
942.303	0.596225	0.596225	0.629277			
942.9	0.629277	0.629277	0.576324			
943.529	0.576324	0.495927	0.511445			
944.025	0.511445	0.511445	0.598064			
944.536	0.598064	0.598064	0.661898			
945.134	0.661898	0.661898	0.599281			
945.796	0.599281	0.474002	0.503251			
946.27	0.503251	0.503251	0.618625			
946.773	0.618625	0.618625	0.69439			
947.392	0.69439	0.592944	0.613735			
947.985	0.613735	0.613735	0.567312			
948.599	0.567312	0.508051	0.51678			
949.107	0.51678	0.51678	0.58726			
949.624	0.58726	0.58726	0.643737			
950.211	0.643737	0.643737	0.598453			
950.855	0.598453	0.494298	0.517075			
951.349	0.517075	0.517075	0.606335			
951.866	0.606335	0.606335	0.662241			
952.472	0.662241	0.58921	0.601047			
953.061	0.601047	0.601047	0.562676			
953.663	0.562676	0.562676	0.519176			
954.225	0.519176	0.519176	0.524663			
954.744	0.524663	0.524663	0.5823			
955.269	0.5823	0.5823	0.630151			
955.851	0.630151	0.630151	0.596087			
956.481	0.596087	0.5117	0.528212			
956.993	0.528212	0.528212	0.596927			
957.521	0.596927	0.596927	0.640523			
958.118	0.640523	0.640523	0.588214			
958.759	0.588214	0.495521	0.514769			
959.254	0.514769	0.514769	0.606749			
959.769	0.606749	0.606749	0.671813			
960.376	0.671813	0.602594	0.612954			
960.978	0.612954	0.612954	0.56223			
961.591	0.56223	0.56223	0.5117			
962.154	0.5117	0.5117	0.523987			
962.665	0.523987	0.523987	0.597676			
963.189	0.597676	0.597676	0.653284			
963.787	0.653284	0.653284	0.603325			
964.44	0.603325	0.497152	0.520422			
964.937	0.520422	0.520422	0.616236			
965.458	0.616236	0.616236	0.67988			
966.074	0.67988	0.602968	0.615745			
966.677	0.615745	0.615745	0.57063			
967.293	0.57063	0.57063	0.521577			
967.863	0.521577	0.521577	0.529725			
968.385	0.529725	0.529725	0.597609			
968.915	0.597609	0.597609	0.653529			
969.512	0.653529	0.653529	0.612134			
970.166	0.612134	0.511717	0.533036			
970.678	0.533036	0.533036	0.617772			
971.211	0.617772	0.617772	0.672533			
971.828	0.672533	0.672533	0.606737			
972.501	0.606737	0.49051	0.516756			
972.991	0.516756	0.516756	0.63359			
973.508	0.63359	0.63359	0.718928			
974.142	0.718928	0.623792	0.641928			
974.766	0.641928	0.641928	0.5812			
975.408	0.5812	0.514151	0.525108			
975.922	0.525108	0.525108	0.616086			
976.447	0.616086	0.616086	0.694841			
977.063	0.694841	0.694841	0.638163			
977.758	0.638163	0.497787	0.530985			
978.256	0.530985	0.530985	0.649712			
978.787	0.649712	0.649712	0.72641			
979.436	0.72641	0.620734	0.642137			
980.057	0.642137	0.642137	0.596813			
980.699	0.596813	0.596813	0.538481			
981.296	0.538481	0.538481	0.539532			
981.834	0.539532	0.539532	0.611995			
982.374	0.611995	0.611995	0.685008			
982.986	0.685008	0.685008	0.651626			
983.671	0.651626	0.533974	0.560062			
984.205	0.560062	0.560062	0.64537			
984.765	0.64537	0.64537	0.694973			
985.41	0.694973	0.624848	0.634904			
986.035	0.634904	0.634904	0.602337			
986.67	0.602337	0.602337	0.565715			
987.272	0.565715	0.565715	0.572667			
987.838	0.572667	0.572667	0.625978			
988.411	0.625978	0.625978	0.670072			
989.037	0.670072	0.670072	0.640439			
989.707	0.640439	0.565512	0.578003			
990.272	0.578003	0.578003	0.639527			
990.85	0.639527	0.639527	0.684571			
991.49	0.684571	0.684571	0.644498			
992.174	0.644498	0.559812	0.575392			
992.734	0.575392	0.575392	0.653378			
993.31	0.653378	0.653378	0.712121			
993.963	0.712121	0.712121	0.659857			
994.675	0.659857	0.547652	0.57174			
995.223	0.57174	0.57174	0.675866			
995.795	0.675866	0.675866	0.75218			
996.47	0.75218	0.674734	0.686115			
997.145	0.686115	0.686115	0.625679			
997.831	0.625679	0.625679	0.567571			
998.457	0.567571	0.567571	0.585511			
999.025	0.585511	0.585511	0.678444			
999.61	0.678444	0.678444	0.751638			
1000.29	0.751638	0.751638	0.68948			
1001.04	0.68948	0.551685	0.583176			
1001.59	0.583176	0.583176	0.709795			
1002.17	0.709795	0.709795	0.803085			
1002.88	0.803085	0.70061	0.719337			
1003.59	0.719337	0.719337	0.652022			
1004.3	0.652022	0.580426	0.591429			
1004.89	0.591429	0.591429	0.69442			
1005.48	0.69442	0.69442	0.791598			
1006.17	0.791598	0.791598	0.734355			
1006.96	0.734355	0.56873	0.607984			
1007.53	0.607984	0.607984	0.742723			
1008.14	0.742723	0.742723	0.833337			
1008.88	0.833337	0.715558	0.738694			
1009.6	0.738694	0.738694	0.682865			
1010.34	0.682865	0.682865	0.616078			
1011.02	0.616078	0.616078	0.623277			
1011.64	0.623277	0.623277	0.716114			
1012.26	0.716114	0.716114	0.806817			
1012.97	0.806817	0.806817	0.761749			
1013.78	0.761749	0.613725	0.647234			
1014.4	0.647234	0.647234	0.761856			
1015.04	0.761856	0.761856	0.836562			
1015.8	0.836562	0.745621	0.759764			
1016.55	0.759764	0.759764	0.708834			
1017.31	0.708834	0.708834	0.656113			
1018.02	0.656113	0.656113	0.671871			
1018.67	0.671871	0.414877	0.44678			
1019.09	0.44678	0.44678	0.595386			
1019.54	0.595386	0.129928	0.649641			
1019.67	0.649641	0.193622	0.190191			
1019.86	0.190191	0.190191	0.398234			
1020.05	0.398234	0.398234	0.457968			
1020.45	0.457968	0.457968	0.688627			
1020.91	0.688627	0.688627	0.972592			
1021.59	0.972592	0.972592	0.932457			
1022.57	0.932457	0.599799	0.683968			
1023.17	0.683968	0.683968	0.862997			
1023.85	0.862997	0.862997	0.922733			
1024.71	0.922733	0.742343	0.783905			
1025.46	0.783905	0.783905	0.800136			
1026.24	0.800136	0.800136	0.772274			
1027.04	0.772274	0.772274	0.738742			
1027.81	0.738742	0.738742	0.749445			
1028.55	0.749445	0.749445	0.808742			
1029.3	0.808742	0.808742	0.860382			
1030.11	0.860382	0.860382	0.837844			
1030.97	0.837844	0.837844	0.765572			
1031.81	0.765572	0.765572	0.737329			
1032.57	0.737329	0.737329	0.803141			
1033.31	0.803141	0.803141	0.916217			
1034.11	0.916217	0.444638	1.03555			
1034.56	1.03555	0.12961	0.648048			
1034.69	0.648048	0.307562	0.28042			
1035	0.28042	0.28042	0.768138			
1035.28	0.768138	0.768138	0.879323			
1036.04	0.879323	0.879323	0.961846			
1036.92	0.961846	0.961846	0.895688			
1037.89	0.895688	0.758193	0.785914			
1038.64	0.785914	0.785914	0.914495			
1039.43	0.914495	0.914495	1.00553			
1040.34	1.00553	1.00553	0.925851			
1041.35	0.925851	0.772719	0.804788			
1042.12	0.804788	0.804788	0.951873			
1042.93	0.951873	0.951873	1.05177			
1043.88	1.05177	1.05177	0.959107			
1044.93	0.959107	0.792176	0.827925			
1045.72	0.827925	0.827925	0.990749			
1046.55	0.990749	0.990749	1.09585			
1047.54	1.09585	1.09585	0.993537			
1048.64	0.993537	0.821057	0.857896			
1049.46	0.857896	0.857896	1.02885			
1050.32	1.02885	1.02885	1.13408			
1051.35	1.13408	1.13408	1.03015			
1052.48	1.03015	0.864553	0.898595			
1053.34	0.898595	0.898595	1.06496			
1054.24	1.06496	1.06496	1.16416			
1055.31	1.16416	1.16416	1.06996			
1056.47	1.06996	0.92687	0.953071			
1057.4	0.953071	0.953071	1.09866			
1058.35	1.09866	1.09866	1.18683			
1059.45	1.18683	1.18683	1.11516			
1060.64	1.11516	1.11516	1.00889			
1061.75	1.00889	1.00889	1.01924			
1062.76	1.01924	1.01924	1.14765			
1063.78	1.14765	1.14765	1.23569			
1064.93	1.23569	1.23569	1.18927			
1066.16	1.18927	1.18927	1.10815			
1067.35	1.10815	1.10815	1.11883			
1068.46	1.11883	1.11883	1.21944			
1069.58	1.21944	1.21944	1.28685			
1070.8	1.28685	1.28685	1.26233			
1072.09	1.26233	1.26233	1.22033			
1073.35	1.22033	1.22033	1.24155			
1074.57	1.24155	1.24155	1.3111			
1075.81	1.3111	1.3111	1.35258			
1077.12	1.35258	1.35258	1.3456			
1078.47	1.3456	1.13775	1.177			
1079.61	1.177	1.177	1.23826			
1080.79	1.23826	1.23826	1.24953			
1082.03	1.24953	1.24953	1.1936			
1083.28	1.1936	1.1936	1.14317			
1084.47	1.14317	1.14317	1.16875			
1085.61	1.16875	1.16875	1.25678			
1086.78	1.25678	1.25678	1.3086			
1088.04	1.3086	1.3086	1.25078			
1089.35	1.25078	1.25078	1.15522			
1090.6	1.15522	1.15522	1.14512			
1091.75	1.14512	1.14512	1.25051			
1092.9	1.25051	0.340215	1.58842			
1093.24	1.58842	0.528304	1.8696			
1093.77	1.8696	0.181413	0.907067			
1093.95	0.907067	0.0397844	0.198922			
1093.99	0.198922	0.0439431	0.0401892			
1094.03	0.0401892	0.0401892	0.200946			
1094.07	0.200946	0.200946	1.00473			
1094.27	1.00473	0.353081	1.53248			
1094.63	1.53248	0.280993	1.40497			
1094.91	1.40497	0.0662887	0.331444			
1094.97	0.331444	0.0222936	0.111468			
1095	0.111468	0.0478014	0.0432755			
1095.04	0.0432755	0.0432755	0.216377			
1095.09	0.216377	0.216377	1.08189			
1095.3	1.08189	1.08189	1.50166			
1096.39	1.50166	1.50166	1.79613			
1097.89	1.79613	1.79613	1.84146			
1099.68	1.84146	1.84146	1.81622			
1101.52	1.81622	1.09145	1.26371			
1102.62	1.26371	1.26371	1.49285			
1103.88	1.49285	1.49285	1.46315			
1105.37	1.46315	1.15748	1.22498			
1106.53	1.22498	1.22498	1.3776			
1107.76	1.3776	1.3776	1.43023			
1109.13	1.43023	1.43023	1.28995			
1110.56	1.28995	1.129	1.15512			
1111.69	1.15512	1.15512	1.35896			
1112.85	1.35896	1.35896	1.52304			
1114.21	1.52304	1.52304	1.39172			
1115.73	1.39172	1.10228	1.16584			
1116.83	1.16584	1.16584	1.41124			
1118	1.41124	1.41124	1.56328			
1119.41	1.56328	1.35523	1.39362			
1120.76	1.39362	1.39362	1.30112			
1122.16	1.30112	1.30112	1.18884			
1123.46	1.18884	1.18884	1.19435			
1124.65	1.19435	1.19435	1.32942			
1125.84	1.32942	1.32942	1.44683			
1127.17	1.44683	1.44683	1.37086			
1128.62	1.37086	1.17222	1.20999			
1129.79	1.20999	1.20999	1.36019			
1131	1.36019	1.36019	1.44676			
1132.36	1.44676	1.44676	1.32661			
1133.81	1.32661	1.1324	1.16944			
1134.94	1.16944	1.16944	1.36338			
1136.11	1.36338	1.36338	1.49496			
1137.47	1.49496	1.49496	1.34772			
1138.97	1.34772	1.07945	1.13876			
1140.05	1.13876	1.13876	1.38864			
1141.19	1.38864	1.38864	1.54776			
1142.57	1.54776	1.32927	1.3722			
1143.9	1.3722	1.3722	1.27307			
1145.28	1.27307	1.27307	1.14714			
1146.55	1.14714	1.14714	1.14404			
1147.7	1.14404	1.14404	1.28269			
1148.84	1.28269	1.28269	1.41282			
1150.12	1.41282	1.41282	1.33765			
1151.54	1.33765	1.11852	1.16378			
1152.65	1.16378	1.16378	1.32078			
1153.82	1.32078	1.32078	1.4014			
1155.14	1.4014	1.4014	1.2657			
1156.54	1.2657	1.06541	1.10541			
1157.61	1.10541	1.10541	1.31708			
1158.71	1.31708	1.31708	1.46482			
1160.03	1.46482	1.30033	1.32675			
1161.33	1.32675	1.32675	1.21585			
1162.65	1.21585	1.21585	1.1021			
1163.87	1.1021	1.1021	1.12331			
1164.97	1.12331	1.12331	1.27616			
1166.1	1.27616	1.27616	1.39124			
1167.37	1.39124	1.39124	1.29102			
1168.76	1.29102	1.08171	1.12309			
1169.85	1.12309	1.12309	1.30466			
1170.97	1.30466	1.30466	1.42081			
1172.27	1.42081	1.42081	1.28357			
1173.69	1.28357	1.04726	1.09609			
1174.74	1.09609	1.09609	1.32219			
1175.84	1.32219	1.32219	1.47981			
1177.16	1.47981	1.22538	1.27996			
1178.38	1.27996	1.27996	1.22101			
1179.66	1.22101	1.22101	1.15999			
1180.89	1.15999	1.15999	1.21189			
1182.05	1.21189	1.21189	1.36585			
1183.26	1.36585	1.36585	1.49812			
1184.62	1.49812	1.49812	1.54156			
1186.12	1.54156	1.54156	1.57398			
1187.66	1.57398	1.57398	1.52037			
1189.24	1.52037	1.52037	1.47348			
1190.76	1.47348	1.47348	1.46352			
1192.23	1.46352	1.46352	1.45792			
1193.69	1.45792	1.45792	1.47006			
1195.15	1.47006	1.47006	1.49765			
1196.62	1.49765	1.49765	1.53631			
1198.12	1.53631	1.53631	1.58479			
1199.66	1.58479	1.58479	1.64257			
1201.24	1.64257	1.64257	1.70882			
1202.88	1.70882	1.42025	1.48955			
1204.3	1.48955	1.2075	1.27739			
1205.51	1.27739	1.27739	1.29228			
1206.79	1.29228	1.29228	1.19788			
1208.08	1.19788	1.19788	1.08629			
1209.28	1.08629	1.08629	1.07956			
1210.37	1.07956	1.07956	1.19441			
1211.44	1.19441	1.19441	1.30292			
1212.64	1.30292	1.30292	1.23344			
1213.94	1.23344	0.675777	1.1432			
1214.62	1.1432	0.335577	1.67788			
1214.95	1.67788	0.811009	0.733217			
1215.76	0.733217	0.235096	1.17548			
1216	1.17548	0.869828	0.789407			
1216.87	0.789407	0.789407	3.03823			
1217.66	3.03823	1.81369	2.19978			
1219.47	2.19978	1.43062	1.6433			
1220.9	1.6433	1.33415	1.40727			
1222.24	1.40727	1.20963	1.24888			
1223.45	1.24888	1.24888	1.12463			
1224.7	1.12463	1.12463	1.0465			
1225.82	1.0465	1.0465	0.990485			
1226.87	0.990485	0.990485	0.946725			
1227.86	0.946725	0.946725	0.911312			
1228.8	0.911312	0.911312	0.882322			
1229.72	0.882322	0.882322	0.858665			
1230.6	0.858665	0.858665	0.839595			
1231.46	0.839595	0.839595	0.824497			
1232.3	0.824497	0.824497	0.812821			
1233.12	0.812821	0.812821	0.804059			
1233.93	0.804059	0.804059	0.797742			
1234.74	0.797742	0.797742	0.793438			
1235.54	0.793438	0.793438	0.790747			
1236.33	0.790747	0.790747	0.789296			
1237.12	0.789296	0.789296	0.788731			
1237.91	0.788731	0.788731	0.788716			
1238.7	0.788716	0.788716	0.78893			
1239.49	0.78893	0.78893	0.789078			
1240.28	0.789078	0.789078	0.7889			
1241.06	0.7889	0.7889	0.788186			
1241.85	0.788186	0.788186	0.786795			
1242.64	0.786795	0.786795	0.784662			
1243.43	0.784662	0.784662	0.783932			
1244.21	0.783932	0.783932	0.780398			
1245	0.780398	0.780398	0.774151			
1245.78	0.774151	0.774151	0.768646			
1246.55	0.768646	0.768646	0.765329			
1247.32	0.765329	0.765329	0.762444			
1248.09	0.762444	0.762444	0.7575			
1248.85	0.7575	0.7575	0.75041			
1249.61	0.75041	0.75041	0.743712			
1250.36	0.743712	0.743712	0.739615			
1251.1	0.739615	0.739615	0.737292			
1251.84	0.737292	0.737292	0.733656			
1252.58	0.733656	0.733656	0.727066			
1253.31	0.727066	0.727066	0.719681			
1254.04	0.719681	0.719681	0.715231			
1254.76	0.715231	0.715231	0.714445			
1255.47	0.714445	0.714445	0.713591			
1256.19	0.713591	0.713591	0.708496			
1256.9	0.708496	0.708496	0.700021			
1257.61	0.700021	0.700021	0.693879			
1258.31	0.693879	0.693879	0.694012			
1259	0.694012	0.694012	0.697109			
1259.7	0.697109	0.697109	0.69535			
1260.39	0.69535	0.69535	0.685868			
1261.09	0.685868	0.685868	0.675747			
1261.77	0.675747	0.675747	0.674453			
1262.45	0.674453	0.674453	0.681999			
1263.12	0.681999	0.681999	0.686856			
1263.81	0.686856	0.686856	0.678405			
1264.49	0.678405	0.678405	0.66192			
1265.17	0.66192	0.66192	0.654515			
1265.83	0.654515	0.654515	0.664845			
1266.49	0.664845	0.664845	0.680561			
1267.15	0.680561	0.680561	0.678793			
1267.83	0.678793	0.678793	0.655305			
1268.51	0.655305	0.655305	0.634755			
1269.17	0.634755	0.634755	0.641897			
1269.8	0.641897	0.641897	0.671464			
1270.44	0.671464	0.671464	0.687095			
1271.12	0.687095	0.687095	0.661177			
1271.8	0.661177	0.661177	0.619171			
1272.46	0.619171	0.619171	0.610723			
1273.08	0.610723	0.610723	0.651249			
1273.69	0.651249	0.651249	0.699011			
1274.35	0.699011	0.699011	0.686381			
1275.04	0.686381	0.616883	0.626887			
1275.66	0.626887	0.626887	0.661942			
1276.29	0.661942	0.661942	0.679572			
1276.95	0.679572	0.679572	0.648993			
1277.63	0.648993	0.648993	0.602008			
1278.28	0.602008	0.602008	0.594921			
1278.88	0.594921	0.594921	0.642973			
1279.48	0.642973	0.642973	0.697056			
1280.12	0.697056	0.697056	0.679979			
1280.82	0.679979	0.598368	0.612531			
1281.41	0.612531	0.612531	0.658993			
1282.03	0.658993	0.658993	0.682297			
1282.69	0.682297	0.682297	0.642162			
1283.37	0.642162	0.642162	0.582659			
1284.01	0.582659	0.582659	0.575416			
1284.59	0.575416	0.575416	0.63802			
1285.17	0.63802	0.63802	0.708148			
1285.81	0.708148	0.708148	0.684598			
1286.51	0.684598	0.576051	0.598913			
1287.09	0.598913	0.598913	0.665724			
1287.69	0.665724	0.665724	0.69706			
1288.35	0.69706	0.69706	0.63709			
1289.05	0.63709	0.55221	0.568076			
1289.6	0.568076	0.568076	0.663589			
1290.17	0.663589	0.663589	0.736425			
1290.84	0.736425	0.736425	0.667822			
1291.57	0.667822	0.525258	0.558795			
1292.1	0.558795	0.558795	0.687555			
1292.66	0.687555	0.687555	0.771661			
1293.34	0.771661	0.655515	0.67975			
1294	0.67975	0.67975	0.629086			
1294.68	0.629086	0.56157	0.57187			
1295.24	0.57187	0.57187	0.64971			
1295.81	0.64971	0.64971	0.711137			
1296.46	0.711137	0.711137	0.659504			
1297.17	0.659504	0.543438	0.568964			
1297.72	0.568964	0.568964	0.669412			
1298.29	0.669412	0.669412	0.732694			
1298.96	0.732694	0.64896	0.66307			
1299.6	0.66307	0.66307	0.619846			
1300.27	0.619846	0.619846	0.569563			
1300.89	0.569563	0.569563	0.574085			
1301.46	0.574085	0.574085	0.638449			
1302.03	0.638449	0.638449	0.693863			
1302.67	0.693863	0.693863	0.656675			
1303.36	0.656675	0.559686	0.579212			
1303.92	0.579212	0.579212	0.655887			
1304.5	0.655887	0.655887	0.702578			
1305.16	0.702578	0.702578	0.64208			
1305.86	0.64208	0.53899	0.560623			
1306.4	0.560623	0.560623	0.664739			
1306.96	0.664739	0.664739	0.738458			
1307.62	0.738458	0.658375	0.67116			
1308.28	0.67116	0.67116	0.6146			
1308.95	0.6146	0.6146	0.556759			
1309.57	0.556759	0.556759	0.56856			
1310.13	0.56856	0.56856	0.649878			
1310.69	0.649878	0.649878	0.713132			
1311.34	0.713132	0.713132	0.658951			
1312.06	0.658951	0.539874	0.566309			
1312.6	0.566309	0.566309	0.671017			
1313.16	0.671017	0.671017	0.738052			
1313.83	0.738052	0.651524	0.666456			
1314.49	0.666456	0.666456	0.621098			
1315.15	0.621098	0.621098	0.569052			
1315.77	0.569052	0.569052	0.574798			
1316.34	0.574798	0.574798	0.643049			
1316.92	0.643049	0.643049	0.701396			
1317.56	0.701396	0.701396	0.661894			
1318.26	0.661894	0.560034	0.580997			
1318.82	0.580997	0.580997	0.662929			
1319.4	0.662929	0.662929	0.713704			
1320.07	0.713704	0.713704	0.64977			
1320.78	0.64977	0.539666	0.563348			
1321.32	0.563348	0.563348	0.67469			
1321.88	0.67469	0.67469	0.754398			
1322.56	0.754398	0.667939	0.68254			
1323.23	0.68254	0.68254	0.622746			
1323.91	0.622746	0.622746	0.561178			
1324.53	0.561178	0.561178	0.573567			
1325.09	0.573567	0.573567	0.660745			
1325.67	0.660745	0.660745	0.730563			
1326.33	0.730563	0.730563	0.673757			
1327.06	0.673757	0.544742	0.573984			
1327.6	0.573984	0.573984	0.686731			
1328.18	0.686731	0.686731	0.759745			
1328.86	0.759745	0.665266	0.6824			
1329.53	0.6824	0.6824	0.63442			
1330.21	0.63442	0.63442	0.578429			
1330.84	0.578429	0.578429	0.584132			
1331.42	0.584132	0.584132	0.657969			
1332.01	0.657969	0.657969	0.723589			
1332.66	0.723589	0.723589	0.682732			
1333.39	0.682732	0.570298	0.59423			
1333.96	0.59423	0.59423	0.683579			
1334.55	0.683579	0.683579	0.73914			
1335.24	0.73914	0.73914	0.668891			
1335.98	0.668891	0.5482	0.574817			
1336.52	0.574817	0.574817	0.698641			
1337.1	0.698641	0.698641	0.79081			
1337.8	0.79081	0.693514	0.710985			
1338.49	0.710985	0.710985	0.642117			
1339.2	0.642117	0.569848	0.581341			
1339.77	0.581341	0.581341	0.683326			
1340.35	0.683326	0.683326	0.773687			
1341.04	0.773687	0.773687	0.711541			
1341.81	0.711541	0.552224	0.590069			
1342.36	0.590069	0.590069	0.723184			
1342.95	0.723184	0.723184	0.809255			
1343.68	0.809255	0.689868	0.714219			
1344.37	0.714219	0.714219	0.663905			
1345.08	0.663905	0.663905	0.598485			
1345.74	0.598485	0.598485	0.599244			
1346.34	0.599244	0.599244	0.680484			
1346.94	0.680484	0.680484	0.763901			
1347.62	0.763901	0.763901	0.727751			
1348.39	0.727751	0.59416	0.623965			
1348.98	0.623965	0.623965	0.719741			
1349.6	0.719741	0.719741	0.775521			
1350.32	0.775521	0.696231	0.707774			
1351.02	0.707774	0.707774	0.671511			
1351.73	0.671511	0.671511	0.630365			
1352.4	0.630365	0.630365	0.638009			
1353.03	0.638009	0.638009	0.698278			
1353.67	0.698278	0.698278	0.749229			
1354.37	0.749229	0.749229	0.716595			
1355.11	0.716595	0.630603	0.645273			
1355.75	0.645273	0.645273	0.715251			
1356.39	0.715251	0.715251	0.766762			
1357.11	0.766762	0.766762	0.721143			
1357.87	0.721143	0.623837	0.642074			
1358.5	0.642074	0.642074	0.732274			
1359.14	0.732274	0.732274	0.80143			
1359.87	0.80143	0.80143	0.74111			
1360.67	0.74111	0.609063	0.637971			
1361.28	0.637971	0.637971	0.760569			
1361.92	0.760569	0.760569	0.852397			
1362.68	0.852397	0.759425	0.774015			
1363.44	0.774015	0.774015	0.701696			
1364.21	0.701696	0.631265	0.640914			
1364.84	0.640914	0.640914	0.748966			
1365.49	0.748966	0.748966	0.854563			
1366.23	0.854563	0.854563	0.797614			
1367.09	0.797614	0.619291	0.661492			
1367.71	0.661492	0.661492	0.802716			
1368.37	0.802716	0.802716	0.896822			
1369.17	0.896822	0.77229	0.796417			
1369.94	0.796417	0.796417	0.738265			
1370.74	0.738265	0.738265	0.667792			
1371.48	0.667792	0.667792	0.674585			
1372.15	0.674585	0.674585	0.772267			
1372.82	0.772267	0.772267	0.870063			
1373.59	0.870063	0.870063	0.824395			
1374.46	0.824395	0.664648	0.700786			
1375.13	0.700786	0.700786	0.822352			
1375.83	0.822352	0.822352	0.902101			
1376.65	0.902101	0.804666	0.819662			
1377.46	0.819662	0.819662	0.764309			
1378.28	0.764309	0.764309	0.706534			
1379.04	0.706534	0.706534	0.722906			
1379.75	0.722906	0.722906	0.816605			
1380.47	0.816605	0.816605	0.894873			
1381.29	0.894873	0.894873	0.840769			
1382.18	0.840769	0.703838	0.732476			
1382.89	0.732476	0.732476	0.852548			
1383.62	0.852548	0.377929	0.401493			
1384	0.401493	0.401493	0.487917			
1384.4	0.487917	0.259561	0.702617			
1384.66	0.702617	0.0392172	0.196086			
1384.7	0.196086	0.156111	0.144084			
1384.85	0.144084	0.144084	0.337514			
1385	0.337514	0.337514	0.365202			
1385.33	0.365202	0.365202	0.512783			
1385.7	0.512783	0.512783	0.719396			
1386.21	0.719396	0.719396	0.996606			
1386.93	0.996606	0.996606	0.970313			
1387.93	0.970313	0.703808	0.769921			
1388.63	0.769921	0.769921	0.927071			
1389.4	0.927071	0.927071	1.01976			
1390.33	1.01976	0.910457	0.926248			
1391.24	0.926248	0.926248	0.868411			
1392.17	0.868411	0.868411	0.809693			
1393.03	0.809693	0.809693	0.834017			
1393.84	0.834017	0.834017	0.965312			
1394.68	0.965312	0.965312	1.16765			
1395.64	1.16765	1.16765	1.4264			
1396.81	1.4264	1.00448	1.12916			
1397.81	1.12916	0.79846	0.883456			
1398.61	0.883456	0.883456	0.953471			
1399.5	0.953471	0.196275	0.981377			
1399.69	0.981377	0.320702	0.291618			
1400.01	0.291618	0.291618	0.655188			
1400.31	0.655188	0.655188	0.762321			
1400.96	0.762321	0.762321	1.08207			
1401.72	1.08207	1.08207	1.31421			
1402.8	1.31421	1.01274	1.08627			
1403.82	1.08627	0.973166	0.989832			
1404.79	0.989832	0.989832	0.954932			
1405.78	0.954932	0.954932	0.918764			
1406.74	0.918764	0.918764	0.938156			
1407.65	0.938156	0.938156	1.00818			
1408.59	1.00818	1.00818	1.05534			
1409.6	1.05534	1.05534	1.02169			
1410.66	1.02169	1.02169	0.95696			
1411.68	0.95696	0.95696	0.953856			
1412.63	0.953856	0.953856	1.03548			
1413.59	1.03548	1.03548	1.11919			
1414.62	1.11919	1.11919	1.10182			
1415.74	1.10182	1.10182	1.01511			
1416.84	1.01511	1.01511	0.98296			
1417.86	0.98296	0.98296	1.06228			
1418.84	1.06228	1.06228	1.17471			
1419.91	1.17471	1.17471	1.18275			
1421.08	1.18275	1.18275	1.0907			
1422.26	1.0907	1.0907	1.0364			
1423.35	1.0364	1.0364	1.10325			
1424.39	1.10325	1.10325	1.22501			
1425.49	1.22501	1.22501	1.25368			
1426.72	1.25368	1.25368	1.17451			
1427.97	1.17451	1.17451	1.11676			
1429.15	1.11676	1.11676	1.1694			
1430.26	1.1694	1.1694	1.27775			
1431.43	1.27775	1.27775	1.31095			
1432.71	1.31095	1.31095	1.25215			
1434.02	1.25215	1.25215	1.20098			
1435.27	1.20098	1.20098	1.08139			
1436.47	1.08139	1.08139	1.04083			
1437.56	1.04083	1.04083	1.14182			
1438.6	1.14182	1.14182	1.29291			
1439.74	1.29291	1.29291	1.29884			
1441.03	1.29884	1.12717	1.1558			
1442.16	1.1558	1.1558	1.21301			
1443.31	1.21301	1.21301	1.234			
1444.53	1.234	1.234	1.19022			
1445.76	1.19022	1.19022	1.13854			
1446.95	1.13854	1.13854	1.15006			
1448.09	1.15006	1.15006	1.22621			
1449.24	1.22621	1.22621	1.28529			
1450.47	1.28529	1.28529	1.24797			
1451.75	1.24797	1.24797	1.15917			
1453	1.15917	1.15917	1.13393			
1454.16	1.13393	1.13393	1.21742			
1455.29	1.21742	1.21742	1.33046			
1456.51	1.33046	1.33046	1.32756			
1457.84	1.32756	0.361361	1.39759			
1458.2	1.39759	0.461965	1.69898			
1458.66	1.69898	0.155991	0.779957			
1458.82	0.779957	0.09106	0.4553			
1458.91	0.4553	0.0540835	0.270417			
1458.96	0.270417	0.0243241	0.121621			
1458.99	0.121621	0.0434102	0.0397941			
1459.03	0.0397941	0.0397941	0.198971			
1459.07	0.198971	0.198971	0.994854			
1459.27	0.994854	0.34978	1.51384			
1459.62	1.51384	0.27826	1.3913			
1459.9	1.3913	0.0663801	0.3319			
1459.97	0.3319	0.0333671	0.166836			
1460	0.166836	0.0486777	0.0441448			
1460.05	0.0441448	0.0441448	0.220724			
1460.09	0.220724	0.220724	1.10362			
1460.31	1.10362	1.10362	1.51389			
1461.42	1.51389	1.51389	1.86334			
1462.93	1.86334	1.86334	1.93831			
1464.79	1.93831	1.93831	1.82473			
1466.73	1.82473	0.941727	1.13434			
1467.67	1.13434	1.13434	1.54201			
1468.81	1.54201	1.54201	1.69451			
1470.35	1.69451	1.23466	1.34451			
1471.58	1.34451	1.34451	1.37978			
1472.93	1.37978	1.37978	1.28122			
1474.31	1.28122	1.28122	1.1715			
1475.59	1.1715	1.1715	1.18791			
1476.76	1.18791	1.18791	1.33359			
1477.95	1.33359	1.33359	1.44993			
1479.28	1.44993	1.44993	1.36265			
1480.73	1.36265	1.16175	1.19939			
1481.89	1.19939	1.19939	1.36444			
1483.09	1.36444	1.36444	1.46968			
1484.46	1.46968	1.46968	1.34724			
1485.93	1.34724	1.13288	1.17495			
1487.06	1.17495	1.17495	1.38092			
1488.24	1.38092	1.38092	1.52148			
1489.62	1.52148	1.36732	1.38884			
1490.98	1.38884	1.38884	1.28087			
1492.37	1.28087	1.28087	1.17417			
1493.65	1.17417	1.17417	1.19882			
1494.83	1.19882	1.19882	1.34605			
1496.03	1.34605	1.34605	1.44815			
1497.37	1.44815	1.44815	1.34304			
1498.82	1.34304	1.14058	1.17988			
1499.96	1.17988	1.17988	1.36145			
1501.14	1.36145	1.36145	1.47715			
1502.5	1.47715	1.47715	1.33503			
1503.98	1.33503	1.08857	1.14143			
1505.07	1.14143	1.14143	1.37757			
1506.21	1.37757	1.37757	1.53178			
1507.59	1.53178	1.33156	1.36873			
1508.92	1.36873	1.36873	1.26547			
1510.29	1.26547	1.26547	1.14258			
1511.55	1.14258	1.14258	1.14583			
1512.7	1.14583	1.14583	1.28741			
1513.84	1.28741	1.28741	1.41162			
1515.13	1.41162	1.41162	1.32733			
1516.54	1.32733	1.10873	1.15393			
1517.65	1.15393	1.15393	1.32008			
1518.8	1.32008	1.32008	1.40969			
1520.12	1.40969	1.26755	1.28754			
1521.39	1.28754	1.28754	1.22829			
1522.68	1.22829	1.22829	1.15502			
1523.91	1.15502	1.15502	1.15577			
1525.06	1.15577	1.15577	1.23878			
1526.22	1.23878	1.23878	1.30966			
1527.46	1.30966	1.30966	1.26364			
1528.77	1.26364	1.26364	1.14697			
1530.03	1.14697	1.14697	1.1023			
1531.18	1.1023	1.1023	1.19285			
1532.28	1.19285	1.19285	1.33365			
1533.47	1.33365	1.33365	1.33991			
1534.81	1.33991	1.17651	1.2034			
1535.98	1.2034	1.2034	1.25245			
1537.19	1.25245	1.25245	1.26307			
1538.44	1.26307	1.26307	1.21504			
1539.7	1.21504	1.21504	1.1646			
1540.92	1.1646	1.1646	1.17664			
1542.08	1.17664	1.17664	1.2046			
1543.26	1.2046	1.2046	1.21334			
1544.46	1.21334	1.21334	1.21615			
1545.68	1.21615	1.21615	1.2477			
1546.89	1.2477	1.2477	1.32026			
1548.14	1.32026	1.32026	1.41172			
1549.46	1.41172	1.41172	1.49854			
1550.87	1.49854	1.49854	1.58113			
1552.37	1.58113	1.58113	1.52538			
1553.95	1.52538	1.52538	1.51835			
1555.48	1.51835	1.51835	1.53953			
1556.99	1.53953	1.53953	1.55668			
1558.53	1.55668	1.55668	1.58636			
1560.09	1.58636	1.58636	1.55443			
1561.68	1.55443	1.22498	1.3114			
1562.9	1.3114	1.3114	1.44578			
1564.21	1.44578	1.44578	1.41085			
1565.66	1.41085	1.15849	1.21976			
1566.82	1.21976	1.21976	1.33283			
1568.04	1.33283	1.33283	1.32909			
1569.37	1.32909	1.15128	1.1878			
1570.52	1.1878	1.1878	1.23627			
1571.71	1.23627	1.23627	1.21484			
1572.95	1.21484	1.21484	1.12084			
1574.16	1.12084	1.12084	1.05213			
1575.28	1.05213	1.05213	1.08546			
1576.33	1.08546	1.08546	1.19201			
1577.42	1.19201	1.19201	1.23657			
1578.61	1.23657	1.23657	1.12812			
1579.85	1.12812	0.865529	0.792277			
1580.71	0.792277	0.269115	1.34557			
1580.98	1.34557	1.00739	0.917155			
1581.99	0.917155	0.917155	1.89024			
1582.91	1.89024	1.89024	2.30339			
1584.8	2.30339	0.898078	1.24642			
1585.7	1.24642	1.24642	1.50241			
1586.94	1.50241	1.18671	1.26499			
1588.13	1.26499	1.1076	1.13702			
1589.24	1.13702	1.13702	1.10865			
1590.37	1.10865	1.10865	1.05849			
1591.48	1.05849	1.05849	1.05797			
1592.54	1.05797	1.05797	1.00202			
1593.6	1.00202	1.00202	0.946968			
1594.6	0.946968	0.946968	0.870506			
1595.55	0.870506	0.870506	0.841631			
1596.42	0.841631	0.841631	0.831371			
1597.26	0.831371	0.831371	0.826312			
1598.09	0.826312	0.826312	0.820394			
1598.92	0.820394	0.820394	0.813017			
1599.74	0.813017	0.813017	0.805679			
1600.55	0.805679	0.805679	0.799788			
1601.36	0.799788	0.799788	0.796056			
1602.16	0.796056	0.796056	0.794689			
1602.95	0.794689	0.794689	0.795521			
1603.75	0.795521	0.795521	0.798311			
1604.54	0.798311	0.798311	0.802771			
1605.34	0.802771	0.802771	0.808491			
1606.14	0.808491	0.808491	0.815042			
1606.95	0.815042	0.815042	0.821957			
1607.77	0.821957	0.821957	0.828735			
1608.59	0.828735	0.828735	0.83486			
1609.42	0.83486	0.83486	0.839846			
1610.25	0.839846	0.839846	0.843304			
1611.09	0.843304	0.843304	0.845016			
1611.94	0.845016	0.845016	0.844984			
1612.78	0.844984	0.844984	0.866154			
1613.63	0.866154	0.866154	0.854697			
1614.49	0.854697	0.854697	0.826227			
1615.35	0.826227	0.826227	0.81303			
1616.17	0.81303	0.81303	0.827246			
1616.99	0.827246	0.827246	0.847653			
1617.81	0.847653	0.847653	0.842106			
1618.66	0.842106	0.842106	0.808168			
1619.5	0.808168	0.808168	0.780278			
1620.31	0.780278	0.780278	0.788929			
1621.09	0.788929	0.788929	0.824485			
1621.88	0.824485	0.824485	0.839813			
1622.7	0.839813	0.839813	0.802847			
1623.54	0.802847	0.802847	0.748747			
1624.35	0.748747	0.748747	0.73904			
1625.1	0.73904	0.73904	0.790247			
1625.83	0.790247	0.790247	0.847984			
1626.63	0.847984	0.847984	0.826944			
1627.47	0.826944	0.73331	0.748749			
1628.21	0.748749	0.748749	0.801334			
1628.96	0.801334	0.801334	0.826457			
1629.76	0.826457	0.826457	0.77647			
1630.58	0.77647	0.77647	0.70309			
1631.36	0.70309	0.70309	0.692269			
1632.06	0.692269	0.692269	0.766647			
1632.75	0.766647	0.766647	0.853715			
1633.52	0.853715	0.853715	0.826325			
1634.38	0.826325	0.686634	0.717088			
1635.06	0.717088	0.717088	0.800872			
1635.78	0.800872	0.800872	0.837315			
1636.58	0.837315	0.837315	0.755771			
1637.42	0.755771	0.643732	0.666258			
1638.06	0.666258	0.666258	0.796174			
1638.73	0.796174	0.796174	0.899137			
1639.52	0.899137	0.798557	0.815192			
1640.32	0.815192	0.726576	0.740593			
1641.05	0.740593	0.740593	0.749194			
1641.79	0.749194	0.749194	0.737241			
1642.54	0.737241	0.737241	0.714548			
1643.28	0.714548	0.714548	0.707039			
1643.99	0.707039	0.707039	0.725795			
1644.7	0.725795	0.725795	0.750559			
1645.42	0.750559	0.750559	0.747077			
1646.17	0.747077	0.747077	0.712269			
1646.92	0.712269	0.712269	0.68541			
1647.63	0.68541	0.68541	0.700761			
1648.32	0.700761	0.700761	0.746877			
1649.02	0.746877	0.746877	0.767914			
1649.77	0.767914	0.767914	0.726415			
1650.53	0.726415	0.726415	0.667523			
1651.26	0.667523	0.667523	0.662334			
1651.93	0.662334	0.662334	0.726582			
1652.59	0.726582	0.726582	0.794663			
1653.32	0.794663	0.794663	0.767747			
1654.11	0.767747	0.660189	0.681218			
1654.77	0.681218	0.681218	0.749958			
1655.45	0.749958	0.749958	0.78558			
1656.2	0.78558	0.78558	0.726748			
1656.99	0.726748	0.637707	0.653279			
1657.63	0.653279	0.653279	0.74867			
1658.28	0.74867	0.74867	0.820538			
1659.03	0.820538	0.820538	0.753077			
1659.85	0.753077	0.611539	0.643476			
1660.46	0.643476	0.643476	0.771042			
1661.1	0.771042	0.771042	0.854155			
1661.87	0.854155	0.744683	0.765135			
1662.62	0.765135	0.765135	0.710085			
1663.38	0.710085	0.710085	0.643686			
1664.09	0.643686	0.643686	0.646782			
1664.74	0.646782	0.646782	0.728758			
1665.38	0.728758	0.728758	0.804311			
1666.11	0.804311	0.804311	0.75951			
1666.92	0.75951	0.63025	0.658309			
1667.55	0.658309	0.658309	0.756928			
1668.21	0.756928	0.756928	0.813488			
1668.96	0.813488	0.731322	0.743272			
1669.69	0.743272	0.743272	0.70534			
1670.44	0.70534	0.70534	0.661028			
1671.14	0.661028	0.661028	0.66574			
1671.8	0.66574	0.66574	0.723447			
1672.47	0.723447	0.723447	0.771433			
1673.19	0.771433	0.771433	0.738439			
1673.96	0.738439	0.65622	0.66936			
1674.62	0.66936	0.66936	0.733706			
1675.29	0.733706	0.733706	0.776859			
1676.02	0.776859	0.776859	0.731373			
1676.8	0.731373	0.645508	0.659947			
1677.45	0.659947	0.659947	0.739949			
1678.11	0.739949	0.739949	0.797472			
1678.85	0.797472	0.797472	0.74225			
1679.64	0.74225	0.630029	0.65284			
1680.27	0.65284	0.65284	0.755423			
1680.93	0.755423	0.755423	0.824959			
1681.68	0.824959	0.824959	0.747817			
1682.51	0.747817	0.604851	0.637178			
1683.11	0.637178	0.637178	0.775723			
1683.75	0.775723	0.775723	0.872222			
1684.52	0.872222	0.757735	0.779488			
1685.28	0.779488	0.779488	0.713219			
1686.06	0.713219	0.6384	0.64942			
1686.7	0.64942	0.64942	0.747761			
1687.35	0.747761	0.747761	0.83109			
1688.1	0.83109	0.83109	0.770667			
1688.93	0.770667	0.621838	0.655692			
1689.55	0.655692	0.655692	0.780607			
1690.21	0.780607	0.780607	0.859118			
1690.99	0.859118	0.753547	0.772476			
1691.74	0.772476	0.772476	0.722235			
1692.51	0.722235	0.722235	0.662328			
1693.24	0.662328	0.662328	0.667713			
1693.9	0.667713	0.667713	0.746275			
1694.57	0.746275	0.746275	0.816938			
1695.31	0.816938	0.816938	0.775049			
1696.13	0.775049	0.656034	0.680445			
1696.78	0.680445	0.680445	0.773211			
1697.46	0.773211	0.773211	0.831583			
