0	0	0	0	0
1	0.0010002	0.0010002	0.0010002	0.0010002
2	0.0060002	0.0060002	0.0060002	0.0060002
3	0.0310002	0.0310002	0.0310002	0.0310002
4	0.156	0.156	0.156	0.156
5	0.617223	0.617223	0.617223	0.617223
6	0.960679	0.960679	0.96068	0.96068
7	1.33122	1.33122	1.33121	1.33121
8	1.90185	1.90185	1.90185	1.90185
9	2.54587	2.54587	2.54587	2.54587
10	3.35854	3.35854	3.35854	3.35854
11	4.41678	4.41678	4.41678	4.41678
12	5.88957	5.88957	5.88957	5.88957
13	7.19145	7.19145	7.19155	7.19155
14	8.61076	8.61076	8.61097	8.61097
15	9.7412	9.7412	9.74134	9.74134
16	10.9122	10.9122	10.9123	10.9123
17	12.2352	12.2352	12.2354	12.2354
18	13.6272	13.6272	13.6276	13.6276
19	14.7229	14.7229	14.7233	14.7233
20	15.851	15.851	15.8513	15.8513
21	17.1577	17.1577	17.1581	17.1581
22	18.5689	18.5689	18.5695	18.5695
23	19.6318	19.6318	19.6324	19.6324
24	20.7411	20.7411	20.7417	20.7417
25	22.0543	22.0543	22.0551	22.0551
26	23.3135	23.3135	23.3144	23.3144
27	24.6009	24.6009	24.602	24.602
28	25.8246	25.8246	25.8258	25.8258
29	26.9688	26.9688	26.9701	26.9701
30	28.115	28.115	28.1164	28.1164
31	29.3481	29.3481	29.3496	29.3496
32	30.6469	30.6469	30.6486	30.6486
33	31.8941	31.8941	31.896	31.896
34	33.0328	33.0328	33.0347	33.0347
35	34.1392	34.1392	34.1413	34.1413
36	35.3336	35.3336	35.3359	35.3359
37	36.6355	36.6355	36.6379	36.6379
38	37.78	37.78	37.7826	37.7826
39	38.9452	38.9452	38.9479	38.9479
40	40.1699	40.1699	40.1729	40.1729
41	41.4141	41.4141	41.4172	41.4172
42	42.6031	42.6031	42.6063	42.6063
43	43.7274	43.7274	43.7308	43.7308
44	44.8543	44.8543	44.8578	44.8578
45	46.0478	46.0478	46.0516	46.0516
46	47.2835	47.2835	47.2875	47.2875
47	48.4711	48.4711	48.4752	48.4752
48	49.5759	49.5759	49.5801	49.5801
49	50.6621	50.6621	50.6666	50.6666
50	51.8148	51.8148	51.8194	51.8194
51	53.0328	53.0328	53.0376	53.0376
52	54.2214	54.2214	54.2264	54.2264
53	55.3204	55.3204	55.3256	55.3256
54	56.3813	56.3813	56.3867	56.3867
55	57.5035	57.5035	57.5091	57.5091
56	58.7155	58.7155	58.7212	58.7212
57	59.9269	59.9269	59.9328	59.9328
58	61.0457	61.0457	61.0518	61.0518
59	62.1001	62.1001	62.1064	62.1064
60	63.2025	63.2025	63.209	63.209
61	64.4225	64.4225	64.4292	64.4292
62	65.6858	65.6858	65.6927	65.6927
63	66.8551	66.8551	66.8623	66.8623
64	67.9178	67.9178	67.9251	67.9251
65	68.9983	68.9983	69.0058	69.0058
66	70.2219	70.2219	70.2296	70.2296
67	71.5529	71.5529	71.5609	71.5609
68	72.6376	72.6376	72.6457	72.6457
69	73.753	73.753	73.7613	73.7613
70	75.0101	75.0101	75.0187	75.0187
71	76.3501	76.3501	76.359	76.359
72	77.4677	77.4677	77.4767	77.4767
73	78.6051	78.6051	78.6142	78.6142
74	79.8745	79.8745	79.8839	79.8839
75	80.9865	80.9865	80.991	80.991
76	82.1535	82.1535	82.1547	82.1547
77	83.2792	83.2792	83.2836	83.2836
78	84.3044	84.3044	84.3148	84.3148
79	85.2883	85.2883	85.3001	85.3001
80	86.3261	86.3261	86.3326	86.3326
81	87.4396	87.4396	87.4406	87.4406
82	88.5436	88.5436	88.5462	88.5462
83	89.5598	89.5598	89.5691	89.5691
84	90.5198	90.5198	90.5322	90.5322
85	91.5231	91.5231	91.5311	91.5311
86	92.6245	92.6245	92.6249	92.6249
87	93.7549	93.7549	93.7549	93.7549
88	94.7977	94.7977	94.8055	94.8055
89	95.743	95.743	95.7573	95.7573
90	96.6996	96.6996	96.7109	96.7109
91	97.7879	97.7879	97.7872	97.7872
92	99.0107	99.0107	99.001	99.001
93	99.9143	99.9143	99.9222	99.9222
94	100.88	100.88	100.903	100.903
95	101.994	101.994	102.008	102.008
96	103.001	103.001	103.007	103.007
97	104.038	104.038	104.03	104.03
98	105.071	105.071	105.061	105.061
99	106.063	106.063	106.067	106.067
100	107.022	107.022	107.04	107.04
101	107.994	107.994	108.008	108.008
102	109.015	109.015	109.009	109.009
103	110.058	110.058	110.038	110.038
104	111.057	111.057	111.051	111.051
105	111.992	111.992	112.011	112.011
106	112.919	112.919	112.945	112.945
107	113.91	113.91	113.911	113.911
108	114.968	114.968	114.937	114.937
109	115.998	115.998	115.971	115.971
110	116.926	116.926	116.938	116.938
111	117.798	117.798	117.837	117.837
112	118.733	118.733	118.751	118.751
113	119.795	119.795	119.758	119.758
114	120.743	120.743	120.828	120.828
115	121.629	121.629	121.804	121.804
116	122.471	122.471	122.687	122.687
117	123.596	123.596	123.563	123.563
118	124.602	124.602	124.537	124.537
119	125.639	125.639	125.608	125.608
120	126.499	126.499	126.473	126.473
121	127.373	127.373	127.371	127.371
122	128.36	128.36	128.375	128.375
123	129.431	129.431	129.427	129.427
124	130.267	130.267	130.262	130.262
125	131.136	131.136	131.12	131.12
126	132.143	132.143	132.118	132.118
127	133.233	133.233	133.215	133.215
128	134.031	134.031	134.016	134.016
129	134.871	134.871	134.862	134.862
130	135.893	135.893	135.887	135.887
131	136.885	136.885	136.871	136.871
132	137.907	137.907	137.884	137.884
133	138.75	138.75	138.827	138.827
134	139.606	139.606	139.682	139.682
135	140.583	140.583	140.538	140.538
136	141.654	141.654	141.497	141.497
137	142.472	142.472	142.552	142.552
138	143.328	143.328	143.393	143.393
139	144.334	144.334	144.268	144.268
140	145.305	145.305	145.26	145.26
141	146.297	146.297	146.317	146.317
142	147.23	147.23	147.126	147.126
143	148.094	148.094	147.966	147.966
144	148.963	148.963	148.965	148.965
145	149.92	149.92	149.956	149.956
146	150.95	150.023	150.966	150.057
147	151.805	150.074	151.89	150.109
148	152.683	150.332	152.728	150.37
149	153.659	150.344	153.584	150.386
150	154.695	150.407	154.562	150.4
151	155.53	150.413	155.631	150.404
152	156.39	150.419	156.444	150.408
153	157.373	150.421	157.295	150.41
154	158.444	150.424	158.3	150.413
155	159.253	150.435	159.279	150.416
156	160.1	150.446	160.278	150.431
157	161.107	150.494	161.209	150.444
158	162.091	150.538	162.066	150.484
159	163.097	150.688	162.934	150.521
160	164.03	150.886	163.901	150.672
161	164.882	151.132	164.948	150.867
162	165.746	151.216	165.793	151.11
163	166.718	151.297	166.666	151.191
164	167.776	151.346	167.656	151.284
165	168.614	151.407	168.719	151.337
166	169.483	151.476	169.54	151.399
167	170.482	151.821	170.393	151.461
168	171.561	152.478	171.398	151.769
169	172.37	153.168	172.393	152.423
170	173.215	153.931	173.406	153.111
171	174.232	154.827	174.339	153.867
172	175.232	155.923	175.192	154.752
173	176.256	157.328	176.065	155.832
174	177.195	158.475	177.053	157.212
175	178.045	159.391	178.124	158.428
176	178.91	160.407	178.958	159.294
177	179.898	161.311	179.825	160.289
178	180.983	162.234	180.836	161.357
179	181.814	163.191	181.941	162.159
180	182.683	164.154	182.743	162.997
181	183.703	165.083	183.589	164.005
182	184.696	165.977	184.624	164.998
183	185.708	166.881	185.631	166.015
184	186.656	167.838	186.669	166.946
185	187.533	168.827	187.524	167.786
186	188.421	169.781	188.393	168.643
187	189.406	170.671	189.387	169.624
188	190.465	171.547	190.482	170.702
189	191.332	172.485	191.318	171.522
190	192.224	173.501	192.194	172.381
191	193.228	174.503	193.223	173.394
192	194.304	175.407	194.22	174.378
193	195.15	176.247	195.237	175.382
194	196.026	177.141	196.193	176.323
195	197.044	178.167	197.079	177.191
196	198.159	179.115	197.973	178.069
197	198.975	180.084	198.96	179.043
198	199.834	181.044	200.021	180.095
199	200.879	181.97	200.899	180.954
200	201.892	182.88	201.8	181.839
201	202.935	183.818	202.805	182.835
202	203.898	184.798	203.877	183.902
203	204.768	185.784	204.735	184.739
204	205.646	186.724	205.619	185.606
205	206.641	187.621	206.636	186.617
206	207.738	188.534	207.744	187.725
207	208.548	188.985	208.552	188.532
208	209.175	189.278	209.175	188.939
209	209.715	189.491	209.712	189.233
210	210.211	189.801	210.207	189.369
211	210.721	190.081	210.715	189.673
212	211.196	191.481	211.19	189.949
213	211.668	192.41	211.662	191.329
214	212.148	193.358	212.142	192.28
215	212.64	194.283	212.635	193.241
216	213.145	195.179	213.14	194.15
217	213.661	196.078	213.657	195.018
218	214.187	197.02	214.184	195.912
219	214.722	197.999	214.719	196.884
220	215.265	198.961	215.261	197.9
221	215.813	199.864	215.81	198.754
222	216.367	200.736	216.364	199.623
223	216.925	201.654	216.922	200.6
224	217.486	202.662	217.483	201.677
225	218.049	203.696	218.046	202.5
226	218.613	204.149	218.61	203.366
227	219.177	204.416	219.174	203.851
228	219.74	204.511	219.736	204.179
229	220.301	204.809	220.297	204.379
230	220.861	205.082	220.859	204.695
231	221.419	206.445	221.417	204.982
232	221.973	207.635	221.971	206.421
233	222.525	208.512	222.522	207.72
234	223.075	209.485	223.071	208.625
235	223.62	210.557	223.623	209.55
236	224.163	211.436	224.17	210.539
237	224.705	212.346	224.708	211.563
238	225.245	213.356	225.241	212.535
239	225.781	214.418	225.777	213.428
240	226.312	215.272	226.314	214.312
241	226.841	216.149	226.847	215.28
242	227.369	217.159	227.371	216.338
243	227.895	218.267	227.891	217.231
244	228.417	219.091	228.412	218.148
245	228.935	219.957	228.935	219.148
246	229.451	220.997	229.456	220.189
247	229.966	222	229.969	221.064
248	230.48	223.031	230.476	221.953
249	230.99	223.991	230.983	222.947
250	231.497	224.865	231.494	224.022
251	232	225.744	232.005	224.877
252	232.503	226.73	232.509	225.763
253	233.007	227.816	233.004	226.781
254	233.508	228.817	233.498	227.858
255	234.005	229.784	233.998	228.853
256	234.498	229.883	234.502	229.82
257	234.99	230.376	234.999	229.919
258	235.485	230.487	235.485	230.414
259	235.978	230.542	235.966	230.526
260	236.468	230.569	236.455	230.581
261	236.951	230.708	236.952	230.618
262	237.434	230.723	237.447	230.645
263	237.92	230.728	237.926	230.663
264	238.407	230.732	238.395	230.679
265	238.891	230.755	238.871	230.683
266	239.368	230.87	239.362	230.686
267	239.841	231.177	239.857	230.689
268	240.318	231.68	240.335	230.704
269	240.801	232.471	240.793	230.778
270	241.282	233.632	241.252	231.038
271	241.753	234.074	241.735	231.473
272	242.218	234.413	242.234	232.176
273	242.685	234.707	242.717	233.225
274	243.162	234.961	243.168	233.959
275	243.643	235.196	243.608	234.295
276	244.113	235.439	244.075	234.599
277	244.57	235.672	244.577	234.861
278	245.026	235.915	245.076	235.098
279	245.496	236.181	245.529	235.348
280	245.978	236.473	245.948	235.58
281	246.452	236.792	246.388	235.82
282	246.905	237.13	246.887	236.08
283	247.348	237.481	247.358	236.367
284	247.805	237.842	247.838	236.68
285	248.287	238.209	248.304	237.015
286	248.772	238.583	248.749	237.363
287	249.228	238.961	249.19	237.722
288	249.657	239.342	249.652	238.088
289	250.095	239.725	250.137	238.46
290	250.572	240.11	250.614	238.837
291	251.074	240.501	251.058	239.218
292	251.493	240.888	251.482	239.6
293	251.921	241.271	251.927	239.985
294	252.398	241.654	252.414	240.377
295	252.911	242.04	252.912	240.764
296	253.318	242.427	253.321	241.146
297	253.739	242.81	253.736	241.529
298	254.225	243.189	254.213	241.916
299	254.751	243.567	254.741	242.302
300	255.14	243.946	255.135	242.686
301	255.548	244.325	255.551	243.065
302	256.044	244.702	256.046	243.443
303	256.525	245.075	256.52	243.822
304	257.021	245.446	257.006	244.201
305	257.429	245.818	257.463	244.577
306	257.844	246.191	257.882	244.95
307	258.318	246.562	258.301	245.322
308	258.842	246.93	258.765	245.695
309	259.237	247.295	259.272	246.068
310	259.652	247.66	259.686	246.439
311	260.144	248.028	260.114	246.806
312	260.618	248.397	260.593	247.171
313	261.103	248.761	261.102	247.538
314	261.558	249.121	261.501	247.907
315	261.975	249.481	261.915	248.274
316	262.395	249.845	262.397	248.637
317	262.861	250.212	262.931	248.998
318	263.37	250.576	263.313	249.359
319	263.782	250.933	263.719	249.724
320	264.208	251.286	264.219	250.09
321	264.689	251.645	264.7	250.452
322	265.204	252.012	265.198	250.808
323	265.6	252.378	265.605	251.164
324	266.012	252.734	266.02	251.526
325	266.5	253.082	266.497	251.891
326	266.987	253.434	267.026	252.253
327	267.482	253.799	267.42	252.607
328	267.934	254.169	267.836	252.958
329	268.341	254.527	268.332	253.315
330	268.759	254.871	268.812	253.68
331	269.242	255.213	269.304	254.045
332	269.774	255.573	269.763	254.399
333	270.167	255.948	270.181	254.744
334	270.582	256.314	270.603	255.094
335	271.083	256.656	271.077	255.457
336	271.569	256.987	271.598	255.827
337	272.068	257.336	272.01	256.185
338	272.529	257.714	272.44	256.525
339	272.946	258.094	272.932	256.864
340	273.367	258.441	273.463	257.222
341	273.848	258.759	273.86	257.598
342	274.381	259.09	274.275	257.964
343	274.79	259.464	274.777	258.303
344	275.219	259.863	275.277	258.63
345	275.721	260.17	275.788	258.976
346	276.209	260.488	276.2	259.355
347	276.706	260.865	276.619	259.737
348	277.173	261.237	277.111	260.082
349	277.605	261.615	277.667	260.396
350	278.044	261.965	278.066	260.721
351	278.53	262.283	278.492	261.096
352	279.056	262.607	279.012	261.5
353	279.485	262.972	279.508	261.8
354	279.928	263.369	280.021	262.115
355	280.428	263.679	280.499	262.495
356	280.967	264.001	280.933	262.865
357	281.387	264.375	281.368	263.245
358	281.823	264.74	281.859	263.595
359	282.334	265.111	282.405	263.912
360	282.901	265.46	282.837	264.231
361	283.306	265.782	283.288	264.594
362	283.736	266.109	283.804	264.993
363	284.268	266.47	284.357	265.302
364	284.788	266.857	284.776	265.625
365	285.325	267.175	285.213	266
366	285.757	267.502	285.738	266.363
367	286.199	267.869	286.267	266.733
368	286.715	268.262	286.806	267.082
369	287.295	268.571	287.241	267.407
370	287.719	268.891	287.683	267.734
371	288.17	269.263	288.202	268.093
372	288.714	269.673	288.793	268.477
373	289.24	269.968	289.087	268.799
374	289.329	270.281	289.268	269.129
375	289.543	270.665	289.336	269.494
376	289.75	271.037	289.554	269.882
377	290.184	271.421	289.766	270.197
378	290.721	271.735	290.201	270.522
379	291.273	272.056	290.744	270.89
380	291.769	272.424	291.289	271.291
381	292.276	272.831	291.791	271.597
382	292.796	273.137	292.302	271.917
383	293.316	273.459	292.818	272.295
384	293.825	273.842	293.331	272.667
385	294.326	274.213	293.838	273.046
386	294.838	274.592	294.347	273.396
387	295.371	274.947	294.867	273.717
388	295.912	275.272	295.397	274.043
389	296.438	275.601	295.927	274.412
390	296.946	275.968	296.447	274.815
391	297.459	276.368	296.963	275.129
392	298.002	276.691	297.49	275.455
393	298.569	277.025	298.036	275.836
394	299.122	277.404	298.587	276.252
395	299.642	277.812	299.125	276.553
396	300.152	278.125	299.649	276.871
397	300.696	278.451	300.18	277.262
398	301.289	278.838	300.74	277.645
399	301.884	279.223	301.317	278.04
400	302.428	279.616	301.882	278.359
401	302.932	279.974	302.418	278.684
402	303.464	280.3	302.949	279.063
403	304.076	280.634	303.515	279.488
404	304.297	281.02	304.123	279.799
405	304.594	281.442	304.334	280.129
406	304.867	281.759	304.632	280.527
407	305.676	282.092	304.905	280.91
408	306.215	282.491	305.723	281.303
409	306.859	282.882	306.256	281.671
410	307.459	283.283	306.898	282.007
411	308.076	283.652	307.506	282.345
412	308.68	283.987	308.131	282.725
413	309.257	284.33	308.731	283.143
414	309.835	284.721	309.298	283.477
415	310.448	285.15	309.871	283.825
416	311.096	285.481	310.493	284.22
417	311.739	285.826	311.156	284.645
418	312.341	286.232	311.799	284.972
419	312.927	286.632	312.388	285.311
420	313.548	287.039	312.963	285.714
421	314.226	287.417	313.59	286.119
422	314.915	287.766	314.288	286.53
423	315.555	288.123	314.914	286.905
424	316.155	288.524	315.55	287.244
425	316.781	288.959	316.215	287.595
426	317.483	289.304	316.899	288.001
427	318.222	289.662	317.574	288.446
428	318.912	290.075	318.228	288.778
429	319.539	290.526	318.886	289.126
430	320.175	290.864	319.577	289.546
431	320.895	291.219	320.297	289.96
432	321.679	291.645	321.014	290.385
433	322.348	292.067	321.705	290.773
434	323.028	292.498	322.393	291.126
435	323.775	292.893	323.113	291.487
436	324.569	293.252	323.871	291.902
437	325.336	293.62	324.633	292.359
438	326.053	294.044	325.37	292.707
439	326.773	294.51	326.098	293.071
440	327.556	294.864	326.857	293.503
441	328.387	295.234	327.655	293.928
442	329.203	295.674	328.463	294.362
443	329.98	296.109	329.252	294.764
444	330.761	296.552	330.036	295.134
445	331.593	296.962	330.846	295.513
446	332.463	297.338	331.691	295.941
447	333.327	297.724	332.546	296.407
448	334.174	298.163	333.394	296.774
449	335.033	298.64	334.247	297.155
450	335.928	299.013	335.122	297.597
451	336.844	299.401	336.022	298.082
452	337.764	299.854	336.932	298.443
453	338.689	300.352	337.849	298.822
454	339.634	300.718	338.779	299.279
455	340.6	301.104	339.731	299.732
456	341.579	301.574	340.698	300.195
457	342.569	302.038	341.675	300.619
458	343.575	302.513	342.668	301.005
459	344.599	302.948	343.677	301.402
460	345.638	303.342	344.702	301.859
461	346.694	303.748	345.743	302.361
462	347.768	304.215	346.801	302.743
463	348.86	304.73	347.877	303.143
464	349.973	305.122	348.971	303.617
465	351.108	305.533	350.086	304.089
466	352.27	306.018	351.225	304.568
467	353.464	306.501	352.39	305.01
468	354.699	306.992	353.588	305.418
469	355.99	307.446	354.829	305.839
470	357.224	307.866	356.13	306.318
471	358.483	308.3	357.338	306.835
472	359.646	308.791	358.586	307.242
473	360.707	309.319	359.77	307.664
474	361.78	309.741	360.86	308.155
475	362.972	310.175	361.936	308.697
476	363.322	310.678	363.1	309.101
477	363.783	311.231	363.445	309.526
478	363.954	311.653	363.911	310.037
479	363.993	312.093	363.966	310.543
480	364.036	312.615	363.991	311.06
481	364.077	313.193	364.034	311.536
482	364.277	313.611	364.074	311.974
483	364.629	314.052	364.273	312.427
484	364.922	314.594	364.623	312.942
485	364.99	315.13	364.917	313.499
486	365.044	315.679	364.985	313.941
487	365.092	316.184	365.038	314.397
488	365.335	316.645	365.087	314.926
489	366.549	317.121	365.33	315.508
490	368.014	317.666	366.543	315.952
491	369.011	318.258	368.011	316.415
492	370.146	318.726	369.01	316.964
493	371.43	319.209	370.149	317.571
494	372.439	319.771	371.435	318.016
495	373.496	320.387	372.445	318.483
496	374.686	320.861	373.503	319.053
497	375.922	321.355	374.696	319.618
498	376.897	321.937	375.935	320.195
499	377.898	322.577	376.911	320.728
500	379.064	323.058	377.913	321.221
501	380.336	323.561	379.082	321.73
502	381.281	324.164	380.357	322.309
503	382.273	324.832	381.303	322.929
504	383.454	325.321	382.296	323.433
505	384.58	325.835	383.48	323.95
506	385.735	326.46	384.608	324.541
507	386.834	327.08	385.765	325.186
508	387.858	327.712	386.866	325.706
509	388.881	327.782	387.893	326.241
510	389.984	327.849	388.917	326.853
511	391.153	327.908	390.022	327.516
512	392.278	327.96	391.193	327.594
513	393.301	328.035	392.321	327.986
514	394.287	328.058	393.345	328.049
515	395.354	328.087	394.333	328.068
516	396.531	328.113	395.401	328.127
517	397.568	328.244	396.581	328.182
518	398.626	328.486	397.619	328.455
519	399.734	328.569	398.679	328.573
520	400.857	328.633	399.79	328.636
521	401.936	328.7	400.915	328.696
522	402.964	328.769	401.996	328.763
523	404	328.886	403.025	328.874
524	405.1	329.191	404.064	329.157
525	406.243	329.662	405.166	329.628
526	407.346	330.164	406.311	330.133
527	408.375	330.649	407.416	330.616
528	409.388	331.166	408.446	331.129
529	410.47	331.708	409.461	331.671
530	411.631	332.265	410.546	332.227
531	412.772	332.87	411.709	332.827
532	413.815	333.493	412.852	333.452
533	414.806	334.095	413.897	334.055
534	415.859	334.677	414.89	334.638
535	417.029	335.24	415.945	335.203
536	418.219	335.636	417.117	335.611
537	419.297	336.033	418.31	336.047
538	420.272	336.49	419.389	336.507
539	421.283	336.959	420.366	336.98
540	422.443	337.436	421.379	337.458
541	423.688	337.915	422.542	337.937
542	424.652	338.395	423.789	338.417
543	425.65	338.876	424.755	338.898
544	426.82	339.058	425.755	339.081
545	428.096	339.079	426.927	339.592
546	429.045	339.09	428.205	340.553
547	430.039	339.1	429.156	341.198
548	431.228	339.149	430.152	341.896
549	432.378	339.394	431.344	342.718
550	433.555	340.237	432.496	343.564
551	434.664	340.975	433.674	344.363
552	435.696	341.748	434.786	345.144
553	436.737	342.536	435.819	345.967
554	437.871	343.323	436.862	346.832
555	439.07	344.116	437.998	347.704
556	440.21	344.928	439.199	348.576
557	441.239	345.761	440.341	349.463
558	442.244	346.608	441.372	350.373
559	443.345	347.464	442.379	351.347
560	444.555	348.335	443.482	352.3
561	445.612	349.224	444.693	353.244
562	446.688	350.129	445.745	354.217
563	447.818	351.051	446.816	355.218
564	448.976	352.003	447.954	356.236
565	450.103	352.957	449.108	357.27
566	451.18	353.924	450.242	358.325
567	452.26	354.914	451.332	359.401
568	453.405	355.928	452.417	360.502
569	454.613	356.957	453.554	361.628
570	455.566	358.004	454.753	362.787
571	456.567	359.073	455.711	363.983
572	457.69	360.166	456.712	363.995
573	458.858	361.283	457.829	364.022
574	459.773	362.43	458.989	364.046
575	460.715	363.613	459.912	364.167
576	461.829	363.971	460.859	364.774
577	463.09	363.991	461.966	364.9
578	463.95	363.999	463.209	364.972
579	464.879	364.025	464.081	364.995
580	466.054	364.048	465.017	365.043
581	467.067	364.165	466.18	365.087
582	468.144	364.75	467.193	365.305
583	469.212	364.874	468.264	366.396
584	470.194	364.947	469.324	367.635
585	471.114	364.988	470.306	369.03
586	472.071	365.035	471.233	370.044
587	473.133	365.078	472.194	371.162
588	474.237	365.293	473.251	372.41
589	475.116	366.366	474.343	373.457
590	476.017	367.593	475.231	374.539
591	477.063	368.973	476.138	375.705
592	478.212	370.012	477.176	376.893
593	479.049	371.155	478.308	377.999
594	479.933	372.391	479.16	379.02
595	481.003	373.421	480.054	380.052
596	482.02	374.479	481.112	381.189
597	483.07	375.639	482.126	382.395
598	484.053	376.848	483.167	383.399
599	484.945	377.856	484.144	384.426
600	485.602	378.881	484.659	385.564
601	485.987	380.026	484.943	386.767
602	486.734	381.246	485.628	387.754
603	487.418	382.233	485.914	388.764
604	490.09	383.248	486.627	389.9
605	490.668	384.396	487.283	391.112
606	491.548	385.619	489.722	392.081
607	492.789	386.583	490.417	393.08
608	493.642	387.578	491.466	394.22
609	494.614	388.727	492.628	395.443
610	495.71	389.965	493.512	396.393
611	496.556	390.904	494.48	397.377
612	497.447	391.882	495.53	398.525
613	498.468	393.039	496.409	399.767
614	499.431	394.159	497.312	400.695
615	500.412	395.301	498.303	401.665
616	501.363	396.381	499.339	402.824
617	502.266	397.387	500.194	403.945
618	502.914	398.402	501.066	405.092
619	503.44	399.505	502.052	406.173
620	503.928	400.67	502.728	407.178
621	504.429	401.781	503.277	408.193
622	504.906	402.786	503.773	409.302
623	505.393	403.765	504.292	410.479
624	505.904	404.838	504.771	411.598
625	506.443	406.022	505.253	412.607
626	507.004	407.039	505.755	413.588
627	507.582	408.082	506.285	414.669
628	508.17	409.196	506.84	415.87
629	508.763	410.34	507.414	416.895
630	509.359	411.425	507.998	417.948
631	509.957	412.438	508.59	419.077
632	510.563	413.455	509.186	420.238
633	511.16	414.558	509.783	421.338
634	511.753	415.73	510.385	422.361
635	512.346	416.856	510.982	423.389
636	512.937	417.876	511.577	424.51
637	513.524	418.864	512.171	425.705
638	514.107	419.942	512.762	426.85
639	514.685	421.137	513.351	427.883
640	515.259	422.179	513.935	428.882
641	515.827	423.246	514.514	429.978
642	516.39	424.372	515.09	431.198
643	516.948	425.521	515.66	432.253
644	517.5	426.622	516.224	433.335
645	518.047	427.665	516.784	434.483
646	518.589	428.715	517.338	435.654
647	519.125	429.838	517.887	436.769
648	519.656	431.016	518.43	437.82
649	520.182	432.154	518.968	438.878
650	520.703	433.204	519.501	440.016
651	521.219	434.231	520.028	441.211
652	521.73	435.334	520.551	442.357
653	522.236	436.533	521.068	443.406
654	522.738	437.717	521.581	444.432
655	523.236	438.786	522.089	445.543
656	523.729	439.786	522.592	446.619
657	524.218	440.85	523.091	447.62
658	524.702	442.049	523.586	448.601
659	525.183	443.158	524.076	449.589
660	525.66	444.288	524.562	450.599
661	526.134	445.413	525.044	451.639
662	526.603	446.509	525.522	452.716
663	527.069	447.522	525.997	453.838
664	527.532	448.517	526.468	455.017
665	527.991	449.514	526.935	456.052
666	528.448	450.53	527.399	457.131
667	528.901	451.574	527.859	458.223
668	529.35	452.654	528.316	459.273
669	529.797	453.779	528.77	460.271
670	530.241	454.96	529.221	461.273
671	530.682	455.987	529.669	461.379
672	531.121	457.057	530.114	461.912
673	531.557	458.152	530.556	461.924
674	531.99	459.214	530.995	461.93
675	532.42	460.22	531.432	461.937
676	532.848	461.213	531.866	461.943
677	533.274	461.32	532.297	461.973
678	533.697	461.856	532.726	462.097
679	534.118	461.88	533.153	462.254
680	534.537	461.91	533.577	462.493
681	534.953	461.923	533.998	462.818
682	535.368	461.931	534.418	462.923
683	535.78	461.94	534.835	462.975
684	536.19	461.949	535.25	463.026
685	536.598	461.991	535.663	463.282
686	537.004	462.123	536.074	464.563
687	537.409	462.296	536.483	465.729
688	537.811	462.553	536.889	466.726
689	538.212	462.716	537.294	467.775
690	538.611	462.861	537.698	468.846
691	539.008	462.93	538.099	469.866
692	539.403	462.969	538.498	470.814
693	539.797	463.005	538.896	471.754
694	540.189	463.186	539.292	472.765
695	540.579	464.089	539.686	473.845
696	540.968	465.373	540.079	474.777
697	541.355	466.523	540.469	475.726
698	541.741	467.511	540.859	476.281
699	542.126	468.544	541.247	476.819
700	542.509	469.607	541.633	477.426
701	542.89	470.637	542.018	478.586
702	543.27	471.598	542.401	479.638
703	543.649	472.535	542.783	480.639
704	544.027	473.525	543.163	481.684
705	544.403	474.586	543.543	482.848
706	544.777	475.637	543.921	483.662
707	545.15	476.143	544.297	484.538
708	545.523	476.626	544.672	484.9
709	545.895	477.197	545.046	485.733
710	546.265	478.116	545.419	485.994
711	546.633	479.224	545.791	487.137
712	547	480.246	546.161	488.173
713	547.366	481.263	546.53	489.425
714	547.733	482.365	546.898	490.272
715	548.098	483.347	547.264	491.24
716	548.461	484.385	547.63	492.344
717	548.822	484.824	547.995	493.195
718	549.182	485.843	548.359	494.094
719	549.543	486.768	548.721	495.121
720	549.904	487.634	549.082	496.08
721	550.262	488.873	549.443	497.059
722	550.618	489.739	549.803	498.017
723	550.973	490.723	550.162	498.932
724	551.329	491.818	550.519	499.834
725	551.686	492.665	550.875	500.774
726	552.041	493.553	551.231	501.761
727	552.392	494.576	551.586	502.741
728	552.741	495.552	551.941	503.659
729	553.092	496.547	552.294	504.531
730	553.445	497.499	552.645	505.435
731	553.797	498.394	552.996	506.42
732	554.145	499.287	553.347	507.438
733	554.489	500.244	553.699	508.286
734	554.833	501.261	554.048	509.146
735	555.183	502.246	554.394	510.117
736	555.534	503.136	554.74	511.17
737	555.88	503.983	555.087	511.989
738	556.219	504.896	555.436	512.841
739	556.556	505.926	555.782	513.819
740	556.901	506.835	556.125	514.709
741	557.252	507.77	556.466	515.062
742	557.599	508.734	556.808	515.393
743	557.934	509.69	557.154	515.697
744	558.263	510.603	557.499	516.013
745	558.6	511.489	557.84	516.308
746	558.95	512.395	558.175	516.612
747	559.302	513.345	558.512	516.937
748	559.638	514.295	558.855	517.29
749	559.959	514.725	559.2	517.328
750	560.283	515.076	559.539	517.349
751	560.629	515.388	559.871	517.455
752	560.988	515.686	560.201	517.458
753	561.331	515.988	560.539	517.462
754	561.646	516.286	560.884	517.479
755	561.955	516.602	561.226	517.565
756	562.289	516.943	561.555	517.804
757	562.655	516.979	561.877	518.225
758	562.97	517.164	562.207	518.623
759	563.294	517.205	562.551	519.023
760	563.639	517.242	562.899	519.439
761	563.992	517.263	563.23	519.842
762	564.326	517.28	563.544	520.244
763	564.634	517.286	563.862	520.651
764	564.941	517.289	564.202	521.062
765	565.278	517.298	564.558	521.478
766	565.643	517.307	564.898	521.896
767	565.946	517.348	565.208	522.317
768	566.258	517.555	565.509	522.739
769	566.603	517.922	565.836	523.163
770	566.965	518.328	566.2	523.587
771	567.26	518.73	566.511	524.011
772	567.562	519.143	566.831	524.434
773	567.906	519.548	567.173	524.856
774	568.281	519.95	567.522	525.276
775	568.564	520.356	567.849	525.694
776	568.861	520.767	568.152	526.11
777	569.213	521.181	568.456	526.525
778	569.554	521.599	568.792	526.936
779	569.903	522.019	569.153	527.346
780	570.229	522.442	569.45	527.754
781	570.526	522.866	569.756	528.159
782	570.825	523.29	570.098	528.563
783	571.159	523.714	570.461	528.964
784	571.523	524.138	570.749	529.364
785	571.815	524.561	571.046	529.762
786	572.117	524.982	571.39	530.159
787	572.46	525.402	571.766	530.554
788	572.827	525.819	572.041	530.948
789	573.106	526.234	572.331	531.341
790	573.397	526.647	572.683	531.732
791	573.743	527.058	573.023	532.122
792	574.084	527.467	573.373	532.511
793	574.433	527.873	573.697	532.9
794	574.753	528.278	573.989	533.287
795	575.042	528.68	574.282	533.674
796	575.337	529.081	574.613	534.059
797	575.671	529.48	574.979	534.444
798	576.038	529.878	575.265	534.827
799	576.319	530.273	575.564	535.21
800	576.613	530.668	575.908	535.592
801	576.958	531.062	576.238	535.973
802	577.291	531.454	576.574	536.352
803	577.632	531.845	576.895	536.73
804	577.951	532.235	577.196	537.108
805	578.247	532.624	577.499	537.485
806	578.545	533.012	577.825	537.86
807	578.873	533.4	578.17	538.232
808	579.226	533.786	578.503	538.604
809	579.518	534.171	578.803	538.974
810	579.818	534.556	579.09	539.343
811	580.153	534.939	579.402	539.711
812	580.508	535.322	579.755	540.076
813	580.792	535.704	580.061	540.439
814	581.084	536.084	580.376	540.8
815	581.421	536.463	580.707	541.161
816	581.789	536.842	581.039	541.52
817	582.062	537.219	581.353	541.876
818	582.349	537.595	581.651	542.23
819	582.694	537.969	581.957	542.582
820	583.029	538.342	582.286	542.933
821	583.373	538.713	582.629	543.283
822	583.691	539.083	582.954	543.63
823	583.98	539.452	583.248	543.975
824	584.271	539.818	583.537	544.317
825	584.599	540.182	583.857	544.659
826	584.96	540.545	584.213	545
827	585.243	540.906	584.506	545.339
828	585.539	541.266	584.811	545.674
829	585.878	541.624	585.145	546.007
830	586.243	541.979	585.494	546.34
831	586.514	542.332	585.779	546.673
832	586.798	542.684	586.071	547.004
833	587.142	543.035	586.403	547.331
834	587.48	543.383	586.767	547.656
835	587.827	543.729	587.045	547.98
836	588.111	544.072	587.335	548.042
837	588.399	544.415	587.677	548.238
838	588.731	544.757	588.009	548.431
839	589.099	545.096	588.349	548.869
840	589.375	545.433	588.666	549.187
841	589.665	545.767	588.958	549.573
842	590.01	546.101	589.253	549.848
843	590.341	546.434	589.581	550.146
844	590.68	546.766	589.935	550.497
845	590.999	547.095	590.223	550.803
846	591.293	547.42	590.521	551.122
847	591.589	547.745	590.856	551.446
848	591.914	547.944	591.215	551.759
849	592.268	548.062	591.494	552.055
850	592.559	548.247	591.784	552.348
851	592.86	548.433	592.123	552.657
852	593.194	548.909	592.46	552.982
853	593.549	549.23	592.803	553.3
854	593.833	549.653	593.118	553.593
855	594.125	549.903	593.407	553.872
856	594.463	550.189	593.702	554.166
857	594.831	550.557	594.035	554.49
858	595.106	550.859	594.397	554.82
859	595.394	551.185	594.678	555.085
860	595.74	551.519	594.97	555.355
861	596.077	551.831	595.312	555.67
862	596.422	552.116	595.647	556.021
863	596.742	552.4	595.988	556.274
864	597.033	552.714	596.305	556.542
865	597.327	553.055	596.598	556.869
866	597.658	553.332	596.896	557.176
867	598.021	553.619	597.229	557.494
868	598.307	553.94	597.587	557.794
869	598.605	554.278	597.875	558.067
870	598.948	554.544	598.172	558.336
871	599.317	554.818	598.511	558.634
872	599.592	555.137	598.877	558.961
873	599.879	555.488	599.156	559.232
874	600.227	555.74	599.446	559.512
875	600.57	556.006	599.792	559.82
876	600.921	556.333	600.132	560.142
877	601.209	556.645	600.48	560.403
878	601.502	556.967	600.8	560.671
879	601.839	557.236	601.091	560.977
880	602.213	557.51	601.388	561.313
881	602.494	557.818	601.724	561.565
882	602.79	558.151	602.092	561.83
883	603.14	558.411	602.377	562.145
884	603.478	558.682	602.674	562.449
885	603.823	558.996	603.02	562.76
886	604.148	559.302	603.359	562.945
887	604.448	559.613	603.703	563.033
888	604.75	559.905	604.026	563.318
889	605.084	560.175	604.325	563.581
890	605.445	560.448	604.628	563.882
891	605.743	560.749	604.965	564.215
892	606.05	561.071	605.326	564.47
893	606.392	561.337	605.621	564.737
894	606.756	561.61	605.924	565.049
895	607.048	561.916	606.267	565.349
896	607.348	562.241	606.636	565.655
897	607.694	562.499	606.924	565.945
898	608.073	562.766	607.222	566.216
899	608.355	562.958	607.571	566.488
900	608.651	563.053	607.956	566.783
901	609.008	563.331	608.232	567.1
902	609.355	563.588	608.524	567.37
903	609.711	563.897	608.883	567.645
904	610.04	564.21	609.232	567.945
905	610.339	564.496	609.592	568.261
906	610.642	564.786	609.888	568.528
907	610.986	565.081	610.188	568.799
908	611.363	565.373	610.533	569.1
909	611.657	565.658	610.914	569.423
910	611.964	565.939	611.203	569.685
911	612.319	566.227	611.506	569.955
912	612.704	566.523	611.864	570.261
913	612.987	566.82	612.211	570.59
914	613.284	567.107	612.566	570.845
915	613.647	567.385	612.898	571.109
916	614.003	567.668	613.205	571.421
917	614.37	567.964	613.515	571.727
918	614.668	568.268	613.86	572.039
919	614.972	568.561	614.232	572.329
920	615.324	568.836	614.537	572.594
921	615.715	569.11	614.85	572.864
922	616.006	569.402	615.203	573.168
923	616.314	569.714	615.582	573.496
924	616.681	570.018	615.879	573.756
925	617.034	570.296	616.187	574.025
926	617.396	570.559	616.546	574.335
927	617.736	570.84	616.941	574.671
928	618.049	571.155	617.228	574.922
929	618.364	571.443	617.531	575.185
930	618.715	571.736	617.901	575.501
931	619.095	572.032	618.262	575.81
932	619.407	572.324	618.632	576.127
933	619.728	572.609	618.973	576.419
934	620.088	572.893	619.281	576.683
935	620.474	573.185	619.592	576.952
936	620.778	573.485	619.947	577.256
937	621.093	573.782	620.342	577.59
938	621.459	574.068	620.644	577.849
939	621.862	574.348	620.961	578.12
940	622.157	574.635	621.332	578.434
941	622.468	574.937	621.692	578.739
942	622.846	575.243	622.059	579.05
943	623.215	575.534	622.404	579.342
944	623.593	575.809	622.726	579.615
945	623.942	576.087	623.051	579.891
946	624.257	576.387	623.41	580.194
947	624.577	576.704	623.795	580.517
948	624.942	577.006	624.115	580.787
949	625.345	577.279	624.443	581.064
950	625.656	577.544	624.81	581.37
951	625.981	577.835	625.202	581.697
952	626.361	578.161	625.517	581.962
953	626.731	578.438	625.842	582.235
954	627.108	578.724	626.215	582.545
955	627.462	579.03	626.622	582.881
956	627.791	579.343	626.929	583.138
957	628.126	579.637	627.251	583.407
958	628.495	579.908	627.635	583.723
959	628.893	580.182	628.012	584.034
960	629.22	580.485	628.398	584.35
961	629.557	580.811	628.754	584.644
962	629.935	581.08	629.078	584.914
963	630.341	581.356	629.41	585.189
964	630.664	581.665	629.786	585.496
965	630.997	581.994	630.198	585.827
966	631.383	582.256	630.517	586.093
967	631.806	582.527	630.85	586.367
968	632.119	582.839	631.239	586.681
969	632.449	583.18	631.665	587.02
970	632.847	583.433	631.973	587.276
971	633.238	583.699	632.298	587.544
972	633.639	584.019	632.699	587.863
973	634.007	584.33	633.092	588.177
974	634.341	584.649	633.496	588.497
975	634.681	584.945	633.825	588.793
976	635.07	585.214	634.159	589.062
977	635.5	585.486	634.548	589.336
978	635.828	585.792	634.982	589.645
979	636.172	586.126	635.305	589.983
980	636.577	586.391	635.646	590.247
981	636.974	586.666	636.053	590.521
982	637.378	586.982	636.447	590.839
983	637.755	587.321	636.851	591.185
984	638.103	587.576	637.228	591.438
985	638.458	587.843	637.576	591.704
986	638.856	588.163	637.928	592.029
987	639.286	588.478	638.321	592.345
988	639.632	588.8	638.749	592.671
989	639.989	589.096	639.096	592.97
990	640.398	589.364	639.455	593.239
991	640.842	589.637	639.861	593.512
992	641.181	589.947	640.298	593.823
993	641.534	590.287	640.639	594.167
994	641.955	590.549	640.993	594.431
995	642.372	590.823	641.408	594.707
996	642.798	591.143	641.867	595.03
997	643.188	591.454	642.199	595.342
998	643.545	591.772	642.55	595.661
999	643.912	592.069	642.981	595.961
