t	tintnext	sstore	sstored	stry	sdid	snext
0.0000002	0.001	0.001	0.005			
0.0010002	0.005	0.005	0.025			
0.0060002	0.025	0.025	0.125			
0.0310002	0.125	0.125	0.461223			
0.156	0.461223	0.461223	0.454829			
0.617223	0.454829	0.343457	0.370536			
0.960679	0.370536	0.370536	0.570633			
1.33122	0.570633	0.570633	0.64402			
1.90185	0.64402	0.64402	0.812673			
2.54587	0.812673	0.812673	1.05824			
3.35854	1.05824	1.05824	1.47279			
4.41678	1.47279	1.47279	1.74756			
5.88957	1.74756	1.30188	1.41931			
7.19145	1.41931	1.41931	1.32799			
8.61076	1.32799	1.13043	1.17097			
9.7412	1.17097	1.17097	1.32299			
10.9122	1.32299	1.32299	1.39202			
12.2352	1.39202	1.39202	1.26575			
13.6272	1.26575	1.09576	1.12804			
14.7229	1.12804	1.12804	1.30668			
15.851	1.30668	1.30668	1.4112			
17.1577	1.4112	1.4112	1.27741			
18.5689	1.27741	1.06291	1.10929			
19.6318	1.10929	1.10929	1.31323			
20.7411	1.31323	1.31323	1.42239			
22.0543	1.42239	1.25915	1.28746			
23.3135	1.28746	1.28746	1.22368			
24.6009	1.22368	1.22368	1.14424			
25.8246	1.14424	1.14424	1.14619			
26.9688	1.14619	1.14619	1.23308			
28.115	1.23308	1.23308	1.29884			
29.3481	1.29884	1.29884	1.2472			
30.6469	1.2472	1.2472	1.13861			
31.8941	1.13861	1.13861	1.10649			
33.0328	1.10649	1.10649	1.1944			
34.1392	1.1944	1.1944	1.30186			
35.3336	1.30186	1.30186	1.27889			
36.6355	1.27889	1.14454	1.16512			
37.78	1.16512	1.16512	1.22479			
38.9452	1.22479	1.22479	1.24412			
40.1699	1.24412	1.24412	1.18903			
41.4141	1.18903	1.18903	1.12426			
42.6031	1.12426	1.12426	1.12691			
43.7274	1.12691	1.12691	1.19356			
44.8543	1.19356	1.19356	1.2357			
46.0478	1.2357	1.2357	1.18756			
47.2835	1.18756	1.18756	1.1048			
48.4711	1.1048	1.1048	1.08625			
49.5759	1.08625	1.08625	1.15268			
50.6621	1.15268	1.15268	1.21796			
51.8148	1.21796	1.21796	1.1886			
53.0328	1.1886	1.1886	1.09903			
54.2214	1.09903	1.09903	1.06093			
55.3204	1.06093	1.06093	1.1222			
56.3813	1.1222	1.1222	1.21193			
57.5035	1.21193	1.21193	1.21139			
58.7155	1.21139	1.21139	1.1188			
59.9269	1.1188	1.1188	1.05444			
61.0457	1.05444	1.05444	1.1024			
62.1001	1.1024	1.1024	1.21997			
63.2025	1.21997	1.21997	1.26332			
64.4225	1.26332	1.26332	1.16933			
65.6858	1.16933	1.16933	1.06271			
66.8551	1.06271	1.06271	1.08049			
67.9178	1.08049	1.08049	1.22357			
68.9983	1.22357	1.22357	1.33102			
70.2219	1.33102	1.33102	1.25098			
71.5529	1.25098	1.08465	1.11547			
72.6376	1.11547	1.11547	1.25712			
73.753	1.25712	1.25712	1.34			
75.0101	1.34	1.34	1.25045			
76.3501	1.25045	1.11758	1.13736			
77.4677	1.13736	1.13736	1.26944			
78.6051	1.26944	1.26944	1.35232			
79.8745	1.35232	1.112	1.16692			
80.9865	1.16692	1.16692	1.12573			
82.1535	1.12573	1.12573	1.02526			
83.2792	1.02526	1.02526	0.983822			
84.3044	0.983822	0.983822	1.0378			
85.2883	1.0378	1.0378	1.11354			
86.3261	1.11354	1.11354	1.10395			
87.4396	1.10395	1.10395	1.01623			
88.5436	1.01623	1.01623	0.959982			
89.5598	0.959982	0.959982	1.00337			
90.5198	1.00337	1.00337	1.10133			
91.5231	1.10133	1.10133	1.13047			
92.6245	1.13047	1.13047	1.04274			
93.7549	1.04274	1.04274	0.945352			
94.7977	0.945352	0.945352	0.95652			
95.743	0.95652	0.95652	1.08836			
96.6996	1.08836	1.08836	1.22282			
97.7879	1.22282	1.22282	1.16205			
99.0107	1.16205	0.903566	0.965994			
99.9143	0.965994	0.965994	1.11382			
100.88	1.11382	1.11382	1.16168			
101.994	1.16168	1.00674	1.03671			
103.001	1.03671	1.03671	1.0334			
104.038	1.0334	1.0334	0.992335			
105.071	0.992335	0.992335	0.958394			
106.063	0.958394	0.958394	0.972212			
107.022	0.972212	0.972212	1.02115			
107.994	1.02115	1.02115	1.04328			
109.015	1.04328	1.04328	0.998935			
110.058	0.998935	0.998935	0.934745			
111.057	0.934745	0.934745	0.926682			
111.992	0.926682	0.926682	0.991358			
112.919	0.991358	0.991358	1.05792			
113.91	1.05792	1.05792	1.02989			
114.968	1.02989	1.02989	0.927647			
115.998	0.927647	0.927647	0.872744			
116.926	0.872744	0.872744	0.934937			
117.798	0.934937	0.934937	1.06207			
118.733	1.06207	1.06207	1.09247			
119.795	1.09247	0.947728	0.885672			
120.743	0.885672	0.885672	0.842678			
121.629	0.842678	0.842678	1.12502			
122.471	1.12502	1.12502	1.16262			
123.596	1.16262	1.0059	1.03662			
124.602	1.03662	1.03662	0.956901			
125.639	0.956901	0.860457	0.874088			
126.499	0.874088	0.874088	0.986877			
127.373	0.986877	0.986877	1.07071			
128.36	1.07071	1.07071	0.994657			
129.431	0.994657	0.835926	0.869321			
130.267	0.869321	0.869321	1.00638			
131.136	1.00638	1.00638	1.09003			
132.143	1.09003	1.09003	0.981295			
133.233	0.981295	0.798673	0.839612			
134.031	0.839612	0.839612	1.02158			
134.871	1.02158	1.02158	1.14416			
135.893	1.14416	0.992726	1.0219			
136.885	1.0219	1.0219	0.938993			
137.907	0.938993	0.842536	0.856431			
138.75	0.856431	0.856431	0.976522			
139.606	0.976522	0.976522	1.07167			
140.583	1.07167	1.07167	0.993382			
141.654	0.993382	0.817469	0.856225			
142.472	0.856225	0.856225	1.00574			
143.328	1.00574	1.00574	1.09546			
144.334	1.09546	0.971216	0.992033			
145.305	0.992033	0.992033	0.933206			
146.297	0.933206	0.933206	0.863606			
147.23	0.863606	0.863606	0.86923			
148.094	0.86923	0.86923	0.95666			
148.963	0.95666	0.95666	1.03048			
149.92	1.03048	1.03048	0.980901			
150.95	0.980901	0.854845	0.877855			
151.805	0.877855	0.877855	0.9758			
152.683	0.9758	0.9758	1.03651			
153.659	1.03651	1.03651	0.963068			
154.695	0.963068	0.835265	0.859064			
155.53	0.859064	0.859064	0.983764			
156.39	0.983764	0.983764	1.07093			
157.373	1.07093	1.07093	0.981651			
158.444	0.981651	0.809	0.846778			
159.253	0.846778	0.846778	1.00739			
160.1	1.00739	1.00739	1.11262			
161.107	1.11262	0.983903	1.00587			
162.091	1.00587	1.00587	0.932559			
163.097	0.932559	0.932559	0.852157			
164.03	0.852157	0.852157	0.86414			
164.882	0.86414	0.86414	0.971746			
165.746	0.971746	0.971746	1.05822			
166.718	1.05822	1.05822	0.992091			
167.776	0.992091	0.837625	0.869537			
168.614	0.869537	0.869537	0.99869			
169.483	0.99869	0.99869	1.07899			
170.482	1.07899	1.07899	0.979478			
171.561	0.979478	0.808717	0.845839			
172.37	0.845839	0.845839	1.01641			
173.215	1.01641	1.01641	1.13408			
174.232	1.13408	1.00019	1.0235			
175.232	1.0235	1.0235	0.939133			
176.256	0.939133	0.939133	0.849971			
177.195	0.849971	0.849971	0.865823			
178.045	0.865823	0.865823	0.988054			
178.91	0.988054	0.988054	1.08443			
179.898	1.08443	1.08443	1.00626			
180.983	1.00626	0.830781	0.869047			
181.814	0.869047	0.869047	1.02			
182.683	1.02	1.02	1.11381			
183.703	1.11381	0.992882	1.01212			
184.696	1.01212	1.01212	0.948009			
185.708	0.948009	0.948009	0.877213			
186.656	0.877213	0.877213	0.888464			
187.533	0.888464	0.888464	0.984063			
188.421	0.984063	0.984063	1.05918			
189.406	1.05918	1.05918	1.00077			
190.465	1.00077	0.867368	0.892305			
191.332	0.892305	0.892305	1.00375			
192.224	1.00375	1.00375	1.07551			
193.228	1.07551	1.07551	0.993525			
194.304	0.993525	0.846267	0.875723			
195.15	0.875723	0.875723	1.01825			
196.026	1.01825	1.01825	1.11559			
197.044	1.11559	1.11559	1.01044			
198.159	1.01044	0.815134	0.859341			
198.975	0.859341	0.859341	1.04528			
199.834	1.04528	1.04528	1.16801			
200.879	1.16801	1.01305	1.04277			
201.892	1.04277	1.04277	0.963081			
202.935	0.963081	0.963081	0.870002			
203.898	0.870002	0.870002	0.877644			
204.768	0.877644	0.877644	0.995123			
205.646	0.995123	0.995123	1.09722			
206.641	1.09722	1.09722	1.0296			
207.738	1.0296	0.810245	0.868042			
208.548	0.868042	0.626756	0.690859			
209.175	0.690859	0.539911	0.57513			
209.715	0.57513	0.495856	0.509817			
210.211	0.509817	0.509817	0.475388			
210.721	0.475388	0.475388	0.471912			
211.196	0.471912	0.471912	0.479678			
211.668	0.479678	0.479678	0.492221			
212.148	0.492221	0.492221	0.504991			
212.64	0.504991	0.504991	0.516378			
213.145	0.516378	0.516378	0.526238			
213.661	0.526238	0.526238	0.534824			
214.187	0.534824	0.534824	0.542296			
214.722	0.542296	0.542296	0.548687			
215.265	0.548687	0.548687	0.55397			
215.813	0.55397	0.55397	0.558109			
216.367	0.558109	0.558109	0.561098			
216.925	0.561098	0.561098	0.562967			
217.486	0.562967	0.562967	0.563791			
218.049	0.563791	0.563791	0.563684			
218.613	0.563684	0.563684	0.562782			
219.177	0.562782	0.562782	0.56123			
219.74	0.56123	0.56123	0.560127			
220.301	0.560127	0.560127	0.557718			
220.861	0.557718	0.557718	0.554605			
221.419	0.554605	0.554605	0.551958			
221.973	0.551958	0.551958	0.549708			
222.525	0.549708	0.549708	0.544883			
223.075	0.544883	0.544883	0.54298			
223.62	0.54298	0.54298	0.542238			
224.163	0.542238	0.542238	0.539962			
224.705	0.539962	0.539962	0.535612			
225.245	0.535612	0.535612	0.531271			
225.781	0.531271	0.531271	0.528902			
226.312	0.528902	0.528902	0.527955			
226.841	0.527955	0.527955	0.526132			
227.369	0.526132	0.526132	0.522317			
227.895	0.522317	0.522317	0.518009			
228.417	0.518009	0.518009	0.515464			
228.935	0.515464	0.515464	0.514852			
229.451	0.514852	0.514852	0.513943			
229.966	0.513943	0.513943	0.510822			
230.48	0.510822	0.510822	0.506408			
230.99	0.506408	0.506408	0.503462			
231.497	0.503462	0.503462	0.503164			
232	0.503164	0.503164	0.503446			
232.503	0.503446	0.503446	0.501331			
233.007	0.501331	0.501331	0.496747			
233.508	0.496747	0.496747	0.492937			
234.005	0.492937	0.492937	0.492576			
234.498	0.492576	0.492576	0.494239			
234.99	0.494239	0.494239	0.493708			
235.485	0.493708	0.493708	0.489156			
235.978	0.489156	0.489156	0.483907			
236.468	0.483907	0.483907	0.482698			
236.951	0.482698	0.482698	0.485699			
237.434	0.485699	0.485699	0.487628			
237.92	0.487628	0.487628	0.483824			
238.407	0.483824	0.483824	0.476641			
238.891	0.476641	0.476641	0.473278			
239.368	0.473278	0.473278	0.47703			
239.841	0.47703	0.47703	0.482466			
240.318	0.482466	0.482466	0.480959			
240.801	0.480959	0.480959	0.4718			
241.282	0.4718	0.4718	0.464438			
241.753	0.464438	0.464438	0.467336			
242.218	0.467336	0.467336	0.477084			
242.685	0.477084	0.477084	0.480539			
243.162	0.480539	0.480539	0.470521			
243.643	0.470521	0.470521	0.456998			
244.113	0.456998	0.456998	0.455877			
244.57	0.455877	0.455877	0.469615			
245.026	0.469615	0.469615	0.481807			
245.496	0.481807	0.481807	0.474321			
245.978	0.474321	0.474321	0.452905			
246.452	0.452905	0.452905	0.442628			
246.905	0.442628	0.442628	0.457486			
247.348	0.457486	0.457486	0.482421			
247.805	0.482421	0.482421	0.484605			
248.287	0.484605	0.484605	0.455707			
248.772	0.455707	0.455707	0.42922			
249.228	0.42922	0.42922	0.438066			
249.657	0.438066	0.438066	0.477426			
250.095	0.477426	0.477426	0.501239			
250.572	0.501239	0.501239	0.470928			
251.074	0.470928	0.4194	0.427484			
251.493	0.427484	0.427484	0.477276			
251.921	0.477276	0.477276	0.512895			
252.398	0.512895	0.512895	0.477902			
252.911	0.477902	0.407203	0.421442			
253.318	0.421442	0.421442	0.485187			
253.739	0.485187	0.485187	0.526801			
254.225	0.526801	0.526801	0.477339			
254.751	0.477339	0.388564	0.408482			
255.14	0.408482	0.408482	0.495198			
255.548	0.495198	0.495198	0.554466			
256.044	0.554466	0.481709	0.49559			
256.525	0.49559	0.49559	0.455047			
257.021	0.455047	0.407901	0.41477			
257.429	0.41477	0.41477	0.474574			
257.844	0.474574	0.474574	0.523628			
258.318	0.523628	0.523628	0.485221			
258.842	0.485221	0.39476	0.415118			
259.237	0.415118	0.415118	0.491954			
259.652	0.491954	0.491954	0.539676			
260.144	0.539676	0.473998	0.485722			
260.618	0.485722	0.485722	0.454881			
261.103	0.454881	0.454881	0.417231			
261.558	0.417231	0.417231	0.419182			
261.975	0.419182	0.419182	0.466231			
262.395	0.466231	0.466231	0.509193			
262.861	0.509193	0.509193	0.484131			
263.37	0.484131	0.411444	0.426209			
263.782	0.426209	0.426209	0.481372			
264.208	0.481372	0.481372	0.51449			
264.689	0.51449	0.51449	0.470684			
265.204	0.470684	0.396744	0.412056			
265.6	0.412056	0.412056	0.487962			
266.012	0.487962	0.487962	0.543568			
266.5	0.543568	0.486717	0.495376			
266.987	0.495376	0.495376	0.45106			
267.482	0.45106	0.45106	0.407449			
267.934	0.407449	0.407449	0.418265			
268.341	0.418265	0.418265	0.48252			
268.759	0.48252	0.48252	0.531979			
269.242	0.531979	0.531979	0.488024			
269.774	0.488024	0.393517	0.414999			
270.167	0.414999	0.414999	0.500383			
270.582	0.500383	0.500383	0.557838			
271.083	0.557838	0.486178	0.499512			
271.569	0.499512	0.499512	0.460962			
272.068	0.460962	0.460962	0.416655			
272.529	0.416655	0.416655	0.421421			
272.946	0.421421	0.421421	0.480285			
273.367	0.480285	0.480285	0.533206			
273.848	0.533206	0.533206	0.500147			
274.381	0.500147	0.408956	0.429245			
274.79	0.429245	0.429245	0.502302			
275.219	0.502302	0.502302	0.547524			
275.721	0.547524	0.487537	0.497105			
276.209	0.497105	0.497105	0.466806			
276.706	0.466806	0.466806	0.432665			
277.173	0.432665	0.432665	0.438169			
277.605	0.438169	0.438169	0.486019			
278.044	0.486019	0.486019	0.526101			
278.53	0.526101	0.526101	0.498865			
279.056	0.498865	0.429625	0.442928			
279.485	0.442928	0.442928	0.499908			
279.928	0.499908	0.499908	0.538437			
280.428	0.538437	0.538437	0.497568			
280.967	0.497568	0.420159	0.436057			
281.387	0.436057	0.436057	0.511535			
281.823	0.511535	0.511535	0.56678			
282.334	0.56678	0.56678	0.512611			
282.901	0.512611	0.405145	0.430102			
283.306	0.430102	0.430102	0.532018			
283.736	0.532018	0.532018	0.604776			
284.268	0.604776	0.519672	0.536539			
284.788	0.536539	0.536539	0.488008			
285.325	0.488008	0.432837	0.441632			
285.757	0.441632	0.441632	0.515636			
286.199	0.515636	0.515636	0.580236			
286.715	0.580236	0.580236	0.536255			
287.295	0.536255	0.42428	0.450295			
287.719	0.450295	0.450295	0.544336			
288.17	0.544336	0.544336	0.605007			
288.714	0.605007	0.525892	0.540722			
289.24	0.540722	0.0896758	0.448379			
289.329	0.448379	0.213354	0.207631			
289.543	0.207631	0.207631	0.433494			
289.75	0.433494	0.433494	0.537142			
290.184	0.537142	0.537142	0.620286			
290.721	0.620286	0.551558	0.562871			
291.273	0.562871	0.495878	0.507407			
291.769	0.507407	0.507407	0.520266			
292.276	0.520266	0.520266	0.520206			
292.796	0.520206	0.520206	0.508093			
293.316	0.508093	0.508093	0.501134			
293.825	0.501134	0.501134	0.512198			
294.326	0.512198	0.512198	0.533266			
294.838	0.533266	0.533266	0.541141			
295.371	0.541141	0.541141	0.525901			
295.912	0.525901	0.525901	0.507828			
296.438	0.507828	0.507828	0.513252			
296.946	0.513252	0.513252	0.543041			
297.459	0.543041	0.543041	0.566464			
298.002	0.566464	0.566464	0.553319			
298.569	0.553319	0.553319	0.519513			
299.122	0.519513	0.519513	0.509987			
299.642	0.509987	0.509987	0.544631			
300.152	0.544631	0.544631	0.592987			
300.696	0.592987	0.592987	0.595142			
301.289	0.595142	0.595142	0.543467			
301.884	0.543467	0.543467	0.504661			
302.428	0.504661	0.504661	0.531965			
302.932	0.531965	0.531965	0.61129			
303.464	0.61129	0.61129	0.654839			
304.076	0.654839	0.221089	0.681288			
304.297	0.681288	0.29741	0.273083			
304.594	0.273083	0.273083	0.808555			
304.867	0.808555	0.808555	0.952547			
305.676	0.952547	0.538894	0.6446			
306.215	0.6446	0.6446	0.692795			
306.859	0.692795	0.599522	0.617286			
307.459	0.617286	0.617286	0.60338			
308.076	0.60338	0.60338	0.577728			
308.68	0.577728	0.577728	0.577672			
309.257	0.577672	0.577672	0.612702			
309.835	0.612702	0.612702	0.64877			
310.448	0.64877	0.64877	0.64216			
311.096	0.64216	0.64216	0.602867			
311.739	0.602867	0.602867	0.585555			
312.341	0.585555	0.585555	0.620756			
312.927	0.620756	0.620756	0.678057			
313.548	0.678057	0.678057	0.689094			
314.226	0.689094	0.689094	0.640335			
314.915	0.640335	0.640335	0.600101			
315.555	0.600101	0.600101	0.626134			
316.155	0.626134	0.626134	0.701493			
316.781	0.701493	0.701493	0.738769			
317.483	0.738769	0.738769	0.690111			
318.222	0.690111	0.690111	0.627158			
318.912	0.627158	0.627158	0.636061			
319.539	0.636061	0.636061	0.720048			
320.175	0.720048	0.720048	0.783665			
320.895	0.783665	0.783665	0.746259			
321.679	0.746259	0.669332	0.68027			
322.348	0.68027	0.68027	0.747054			
323.028	0.747054	0.747054	0.793444			
323.775	0.793444	0.793444	0.766974			
324.569	0.766974	0.766974	0.717442			
325.336	0.717442	0.717442	0.720115			
326.053	0.720115	0.720115	0.782269			
326.773	0.782269	0.782269	0.831702			
327.556	0.831702	0.831702	0.816022			
328.387	0.816022	0.816022	0.7771			
329.203	0.7771	0.7771	0.780901			
329.98	0.780901	0.780901	0.831768			
330.761	0.831768	0.831768	0.870341			
331.593	0.870341	0.870341	0.863721			
332.463	0.863721	0.863721	0.846545			
333.327	0.846545	0.846545	0.859308			
334.174	0.859308	0.859308	0.894465			
335.033	0.894465	0.894465	0.916705			
335.928	0.916705	0.916705	0.919785			
336.844	0.919785	0.919785	0.925207			
337.764	0.925207	0.925207	0.945033			
338.689	0.945033	0.945033	0.965892			
339.634	0.965892	0.965892	0.978437			
340.6	0.978437	0.978437	0.99049			
341.579	0.99049	0.99049	1.0064			
342.569	1.0064	1.0064	1.02332			
343.575	1.02332	1.02332	1.03951			
344.599	1.03951	1.03951	1.05604			
345.638	1.05604	1.05604	1.0736			
346.694	1.0736	1.0736	1.09232			
347.768	1.09232	1.09232	1.11264			
348.86	1.11264	1.11264	1.13539			
349.973	1.13539	1.13539	1.16179			
351.108	1.16179	1.16179	1.19377			
352.27	1.19377	1.19377	1.23473			
353.464	1.23473	1.23473	1.29176			
354.699	1.29176	1.29176	1.38561			
355.99	1.38561	1.23365	1.25909			
357.224	1.25909	1.25909	1.16318			
358.483	1.16318	1.16318	1.06088			
359.646	1.06088	1.06088	1.07272			
360.707	1.07272	1.07272	1.19228			
361.78	1.19228	1.19228	1.27237			
362.972	1.27237	0.34978	1.39456			
363.322	1.39456	0.461054	1.6488			
363.783	1.6488	0.170598	0.852992			
363.954	0.852992	0.0391571	0.195785			
363.993	0.195785	0.043757	0.040037			
364.036	0.040037	0.040037	0.200185			
364.077	0.200185	0.200185	1.00093			
364.277	1.00093	0.351862	1.61801			
364.629	1.61801	0.293228	1.46614			
364.922	1.46614	0.0681666	0.340833			
364.99	0.340833	0.0537168	0.0485504			
365.044	0.0485504	0.0485504	0.242752			
365.092	0.242752	0.242752	1.21376			
365.335	1.21376	1.21376	1.72988			
366.549	1.72988	1.46506	1.52848			
368.014	1.52848	0.996822	1.1356			
369.011	1.1356	1.1356	1.28361			
370.146	1.28361	1.28361	1.22527			
371.43	1.22527	1.00877	1.05717			
372.439	1.05717	1.05717	1.19015			
373.496	1.19015	1.19015	1.23646			
374.686	1.23646	1.23646	1.11586			
375.922	1.11586	0.975022	1.00039			
376.897	1.00039	1.00039	1.16589			
377.898	1.16589	1.16589	1.27206			
379.064	1.27206	1.27206	1.15267			
380.336	1.15267	0.945369	0.991531			
381.281	0.991531	0.991531	1.18162			
382.273	1.18162	1.18162	1.28269			
383.454	1.28269	1.12609	1.15474			
384.58	1.15474	1.15474	1.09873			
385.735	1.09873	1.09873	1.02456			
386.834	1.02456	1.02456	1.02301			
387.858	1.02301	1.02301	1.10254			
388.881	1.10254	1.10254	1.16872			
389.984	1.16872	1.16872	1.12578			
391.153	1.12578	1.12578	1.02246			
392.278	1.02246	1.02246	0.986261			
393.301	0.986261	0.986261	1.06663			
394.287	1.06663	1.06663	1.1773			
395.354	1.1773	1.1773	1.16764			
396.531	1.16764	1.03658	1.05811			
397.568	1.05811	1.05811	1.10836			
398.626	1.10836	1.10836	1.12338			
399.734	1.12338	1.12338	1.07834			
400.857	1.07834	1.07834	1.02803			
401.936	1.02803	1.02803	1.03636			
402.964	1.03636	1.03636	1.10001			
404	1.10001	1.10001	1.14268			
405.1	1.14268	1.14268	1.10325			
406.243	1.10325	1.10325	1.02869			
407.346	1.02869	1.02869	1.01276			
408.375	1.01276	1.01276	1.08247			
409.388	1.08247	1.08247	1.16072			
410.47	1.16072	1.16072	1.14135			
411.631	1.14135	1.14135	1.04328			
412.772	1.04328	1.04328	0.990483			
413.815	0.990483	0.990483	1.05288			
414.806	1.05288	1.05288	1.1699			
415.859	1.1699	1.1699	1.19077			
417.029	1.19077	1.19077	1.07706			
418.219	1.07706	1.07706	0.975334			
419.297	0.975334	0.975334	1.01102			
420.272	1.01102	1.01102	1.16054			
421.283	1.16054	1.16054	1.24446			
422.443	1.24446	1.24446	1.13437			
423.688	1.13437	0.964003	0.998467			
424.652	0.998467	0.998467	1.17003			
425.65	1.17003	1.17003	1.27549			
426.82	1.27549	1.27549	1.15296			
428.096	1.15296	0.949072	0.993856			
429.045	0.993856	0.993856	1.18944			
430.039	1.18944	1.18944	1.30167			
431.228	1.30167	1.15014	1.17659			
432.378	1.17659	1.17659	1.1091			
433.555	1.1091	1.1091	1.03169			
434.664	1.03169	1.03169	1.04084			
435.696	1.04084	1.04084	1.13443			
436.737	1.13443	1.13443	1.19908			
437.871	1.19908	1.19908	1.13968			
439.07	1.13968	1.13968	1.02931			
440.21	1.02931	1.02931	1.00443			
441.239	1.00443	1.00443	1.10146			
442.244	1.10146	1.10146	1.20987			
443.345	1.20987	1.20987	1.17868			
444.555	1.17868	1.05742	1.07541			
445.612	1.07541	1.07541	1.13074			
446.688	1.13074	1.13074	1.15782			
447.818	1.15782	1.15782	1.12639			
448.976	1.12639	1.12639	1.07752			
450.103	1.07752	1.07752	1.07943			
451.18	1.07943	1.07943	1.14511			
452.26	1.14511	1.14511	1.2085			
453.405	1.2085	1.2085	1.16539			
454.613	1.16539	0.952831	1.00093			
455.566	1.00093	1.00093	1.12289			
456.567	1.12289	1.12289	1.1682			
457.69	1.1682	1.1682	1.05612			
458.858	1.05612	0.915378	0.941674			
459.773	0.941674	0.941674	1.11377			
460.715	1.11377	1.11377	1.2612			
461.829	1.2612	1.2612	1.1456			
463.09	1.1456	0.859652	0.929336			
463.95	0.929336	0.929336	1.17525			
464.879	1.17525	1.17525	1.27886			
466.054	1.27886	1.01287	1.07687			
467.067	1.07687	1.07687	1.06759			
468.144	1.06759	1.06759	0.982023			
469.212	0.982023	0.982023	0.920285			
470.194	0.920285	0.920285	0.957214			
471.114	0.957214	0.957214	1.06189			
472.071	1.06189	1.06189	1.10371			
473.133	1.10371	1.10371	1.00551			
474.237	1.00551	0.87878	0.901516			
475.116	0.901516	0.901516	1.04599			
476.017	1.04599	1.04599	1.14915			
477.063	1.14915	1.14915	1.04323			
478.212	1.04323	0.836802	0.884307			
479.049	0.884307	0.884307	1.06965			
479.933	1.06965	1.06965	1.18122			
481.003	1.18122	1.01703	1.04988			
482.02	1.04988	1.04988	0.982855			
483.07	0.982855	0.982855	0.892583			
484.053	0.892583	0.892583	0.886845			
484.945	0.886845	0.656576	0.595377			
485.602	0.595377	0.384932	1.60472			
485.987	1.60472	0.747568	0.683376			
486.734	0.683376	0.683376	2.67224			
487.418	2.67224	2.67224	2.68368			
490.09	2.68368	0.577619	0.880779			
490.668	0.880779	0.880779	1.24018			
491.548	1.24018	1.24018	1.31209			
492.789	1.31209	0.853769	0.972173			
493.642	0.972173	0.972173	1.09537			
494.614	1.09537	1.09537	1.04278			
495.71	1.04278	0.846434	0.89099			
496.556	0.89099	0.89099	1.02116			
497.447	1.02116	1.02116	1.08171			
498.468	1.08171	0.962201	0.981593			
499.431	0.981593	0.981593	0.95115			
500.412	0.95115	0.95115	0.903049			
501.363	0.903049	0.903049	0.895567			
502.266	0.895567	0.647369	0.714674			
502.914	0.714674	0.526327	0.570437			
503.44	0.570437	0.487517	0.501724			
503.928	0.501724	0.501724	0.47638			
504.429	0.47638	0.47638	0.487406			
504.906	0.487406	0.487406	0.510945			
505.393	0.510945	0.510945	0.538537			
505.904	0.538537	0.538537	0.561772			
506.443	0.561772	0.561772	0.577676			
507.004	0.577676	0.577676	0.587494			
507.582	0.587494	0.587494	0.593318			
508.17	0.593318	0.593318	0.596433			
508.763	0.596433	0.596433	0.597489			
509.359	0.597489	0.597489	0.606618			
509.957	0.606618	0.606618	0.596446			
510.563	0.596446	0.596446	0.593115			
511.16	0.593115	0.593115	0.593031			
511.753	0.593031	0.593031	0.591091			
512.346	0.591091	0.591091	0.587152			
512.937	0.587152	0.587152	0.582643			
513.524	0.582643	0.582643	0.578165			
514.107	0.578165	0.578165	0.573511			
514.685	0.573511	0.573511	0.568457			
515.259	0.568457	0.568457	0.563099			
515.827	0.563099	0.563099	0.557676			
516.39	0.557676	0.557676	0.55231			
516.948	0.55231	0.55231	0.546971			
517.5	0.546971	0.546971	0.541608			
518.047	0.541608	0.541608	0.536252			
518.589	0.536252	0.536252	0.53099			
519.125	0.53099	0.53099	0.525869			
519.656	0.525869	0.525869	0.520871			
520.182	0.520871	0.520871	0.515955			
520.703	0.515955	0.515955	0.511121			
521.219	0.511121	0.511121	0.506414			
521.73	0.506414	0.506414	0.501865			
522.236	0.501865	0.501865	0.497458			
522.738	0.497458	0.497458	0.493152			
523.236	0.493152	0.493152	0.488933			
523.729	0.488933	0.488933	0.484829			
524.218	0.484829	0.484829	0.480871			
524.702	0.480871	0.480871	0.47705			
525.183	0.47705	0.47705	0.473326			
525.66	0.473326	0.473326	0.469672			
526.134	0.469672	0.469672	0.466106			
526.603	0.466106	0.466106	0.462667			
527.069	0.462667	0.462667	0.459359			
527.532	0.459359	0.459359	0.456141			
527.991	0.456141	0.456141	0.452972			
528.448	0.452972	0.452972	0.449861			
528.901	0.449861	0.449861	0.446852			
529.35	0.446852	0.446852	0.443971			
529.797	0.443971	0.443971	0.441182			
530.241	0.441182	0.441182	0.438427			
530.682	0.438427	0.438427	0.435693			
531.121	0.435693	0.435693	0.433035			
531.557	0.433035	0.433035	0.430502			
531.99	0.430502	0.430502	0.428074			
532.42	0.428074	0.428074	0.425675			
532.848	0.425675	0.425675	0.423262			
533.274	0.423262	0.423262	0.420884			
533.697	0.420884	0.420884	0.418627			
534.118	0.418627	0.418627	0.416502			
534.537	0.416502	0.416502	0.41442			
534.953	0.41442	0.41442	0.412289			
535.368	0.412289	0.412289	0.410138			
535.78	0.410138	0.410138	0.408089			
536.19	0.408089	0.408089	0.40621			
536.598	0.40621	0.40621	0.404416			
537.004	0.404416	0.404416	0.402553			
537.409	0.402553	0.402553	0.400594			
537.811	0.400594	0.400594	0.398689			
538.212	0.398689	0.398689	0.396993			
538.611	0.396993	0.396993	0.395462			
539.008	0.395462	0.395462	0.393875			
539.403	0.393875	0.393875	0.392102			
539.797	0.392102	0.392102	0.390284			
540.189	0.390284	0.390284	0.388692			
540.579	0.388692	0.388692	0.387386			
540.968	0.387386	0.387386	0.3861			
541.355	0.3861	0.3861	0.38454			
541.741	0.38454	0.38454	0.382767			
542.126	0.382767	0.382767	0.381173			
542.509	0.381173	0.381173	0.380018			
542.89	0.380018	0.380018	0.379058			
543.27	0.379058	0.379058	0.377787			
543.649	0.377787	0.377787	0.376059			
544.027	0.376059	0.376059	0.374346			
544.403	0.374346	0.374346	0.373213			
544.777	0.373213	0.373213	0.372586			
545.15	0.372586	0.372586	0.371739			
545.523	0.371739	0.371739	0.370142			
545.895	0.370142	0.370142	0.368202			
546.265	0.368202	0.368202	0.366881			
546.633	0.366881	0.366881	0.366518			
547	0.366518	0.366518	0.366268			
547.366	0.366268	0.366268	0.365013			
547.733	0.365013	0.365013	0.362803			
548.098	0.362803	0.362803	0.360994			
548.461	0.360994	0.360994	0.360671			
548.822	0.360671	0.360671	0.36117			
549.182	0.36117	0.36117	0.360637			
549.543	0.360637	0.360637	0.358279			
549.904	0.358279	0.358279	0.355627			
550.262	0.355627	0.355627	0.354883			
550.618	0.354883	0.354883	0.356142			
550.973	0.356142	0.356142	0.356879			
551.329	0.356879	0.356879	0.35481			
551.686	0.35481	0.35481	0.351019			
552.041	0.351019	0.351019	0.349087			
552.392	0.349087	0.349087	0.350773			
552.741	0.350773	0.350773	0.35341			
553.092	0.35341	0.35341	0.352549			
553.445	0.352549	0.352549	0.347628			
553.797	0.347628	0.347628	0.343441			
554.145	0.343441	0.343441	0.34461			
554.489	0.34461	0.34461	0.349588			
554.833	0.349588	0.349588	0.351464			
555.183	0.351464	0.351464	0.346125			
555.534	0.346125	0.346125	0.338511			
555.88	0.338511	0.338511	0.337328			
556.219	0.337328	0.337328	0.344381			
556.556	0.344381	0.344381	0.351054			
556.901	0.351054	0.351054	0.347296			
557.252	0.347296	0.347296	0.335462			
557.599	0.335462	0.335462	0.329053			
557.934	0.329053	0.329053	0.336452			
558.263	0.336452	0.336452	0.34995			
558.6	0.34995	0.34995	0.351701			
558.95	0.351701	0.351701	0.336216			
559.302	0.336216	0.336216	0.320851			
559.638	0.320851	0.320851	0.324547			
559.959	0.324547	0.324547	0.345528			
560.283	0.345528	0.345528	0.358928			
560.629	0.358928	0.358928	0.343457			
560.988	0.343457	0.343457	0.31532			
561.331	0.31532	0.31532	0.308366			
561.646	0.308366	0.308366	0.33396			
561.955	0.33396	0.33396	0.36616			
562.289	0.36616	0.36616	0.360131			
562.655	0.360131	0.31557	0.323548			
562.97	0.323548	0.323548	0.345039			
563.294	0.345039	0.345039	0.353392			
563.639	0.353392	0.353392	0.333454			
563.992	0.333454	0.333454	0.307759			
564.326	0.307759	0.307759	0.307513			
564.634	0.307513	0.307513	0.337052			
564.941	0.337052	0.337052	0.364359			
565.278	0.364359	0.364359	0.348941			
565.643	0.348941	0.303625	0.31202			
565.946	0.31202	0.31202	0.344412			
566.258	0.344412	0.344412	0.362643			
566.603	0.362643	0.362643	0.336461			
566.965	0.336461	0.294489	0.301966			
567.26	0.301966	0.301966	0.344602			
567.562	0.344602	0.344602	0.374622			
567.906	0.374622	0.374622	0.343624			
568.281	0.343624	0.283174	0.296472			
568.564	0.296472	0.296472	0.352209			
568.861	0.352209	0.352209	0.387704			
569.213	0.387704	0.341185	0.349445			
569.554	0.349445	0.349445	0.325529			
569.903	0.325529	0.325529	0.297326			
570.229	0.297326	0.297326	0.299167			
570.526	0.299167	0.299167	0.333941			
570.825	0.333941	0.333941	0.363997			
571.159	0.363997	0.363997	0.343783			
571.523	0.343783	0.29124	0.302057			
571.815	0.302057	0.302057	0.343197			
572.117	0.343197	0.343197	0.366955			
572.46	0.366955	0.366955	0.333501			
572.827	0.333501	0.279178	0.290678			
573.106	0.290678	0.290678	0.346465			
573.397	0.346465	0.346465	0.385057			
573.743	0.385057	0.341072	0.348533			
574.084	0.348533	0.348533	0.320022			
574.433	0.320022	0.320022	0.289615			
574.753	0.289615	0.289615	0.294262			
575.042	0.294262	0.294262	0.334672			
575.337	0.334672	0.334672	0.366809			
575.671	0.366809	0.366809	0.340558			
576.038	0.340558	0.28106	0.294119			
576.319	0.294119	0.294119	0.344823			
576.613	0.344823	0.344823	0.375462			
576.958	0.375462	0.333177	0.340217			
577.291	0.340217	0.340217	0.319967			
577.632	0.319967	0.319967	0.295893			
577.951	0.295893	0.295893	0.297651			
578.247	0.297651	0.297651	0.327682			
578.545	0.327682	0.327682	0.353233			
578.873	0.353233	0.353233	0.336047			
579.226	0.336047	0.29199	0.300183			
579.518	0.300183	0.300183	0.334448			
579.818	0.334448	0.334448	0.355261			
580.153	0.355261	0.355261	0.328855			
580.508	0.328855	0.283751	0.292379			
580.792	0.292379	0.292379	0.337074			
581.084	0.337074	0.337074	0.368079			
581.421	0.368079	0.368079	0.335226			
581.789	0.335226	0.272711	0.28676			
582.062	0.28676	0.28676	0.34556			
582.349	0.34556	0.34556	0.383896			
582.694	0.383896	0.334604	0.343858			
583.029	0.343858	0.343858	0.318672			
583.373	0.318672	0.318672	0.288912			
583.691	0.288912	0.288912	0.290955			
583.98	0.290955	0.290955	0.328065			
584.271	0.328065	0.328065	0.360714			
584.599	0.360714	0.360714	0.339587			
584.96	0.339587	0.283338	0.295395			
585.243	0.295395	0.295395	0.33953			
585.539	0.33953	0.33953	0.364938			
585.878	0.364938	0.364938	0.328948			
586.243	0.328948	0.271175	0.283814			
586.514	0.283814	0.283814	0.343854			
586.798	0.343854	0.343854	0.386014			
587.142	0.386014	0.33794	0.346755			
587.48	0.346755	0.346755	0.316711			
587.827	0.316711	0.283995	0.288736			
588.111	0.288736	0.288736	0.332072			
588.399	0.332072	0.332072	0.367564			
588.731	0.367564	0.367564	0.340069			
589.099	0.340069	0.275808	0.290346			
589.375	0.290346	0.290346	0.344657			
589.665	0.344657	0.344657	0.377309			
590.01	0.377309	0.331018	0.339361			
590.341	0.339361	0.339361	0.319175			
590.68	0.319175	0.319175	0.294035			
590.999	0.294035	0.294035	0.295064			
591.293	0.295064	0.295064	0.325875			
591.589	0.325875	0.325875	0.353537			
591.914	0.353537	0.353537	0.337276			
592.268	0.337276	0.291427	0.300175			
592.559	0.300175	0.300175	0.334519			
592.86	0.334519	0.334519	0.354928			
593.194	0.354928	0.354928	0.328412			
593.549	0.328412	0.284022	0.292411			
593.833	0.292411	0.292411	0.337167			
594.125	0.337167	0.337167	0.368903			
594.463	0.368903	0.368903	0.336803			
594.831	0.336803	0.27417	0.288217			
595.106	0.288217	0.288217	0.346564			
595.394	0.346564	0.346564	0.384703			
595.74	0.384703	0.336438	0.345314			
596.077	0.345314	0.345314	0.320011			
596.422	0.320011	0.320011	0.290794			
596.742	0.290794	0.290794	0.293667			
597.033	0.293667	0.293667	0.331272			
597.327	0.331272	0.331272	0.363539			
597.658	0.363539	0.363539	0.341747			
598.021	0.341747	0.285787	0.297695			
598.307	0.297695	0.297695	0.342612			
598.605	0.342612	0.342612	0.369388			
598.948	0.369388	0.369388	0.333623			
599.317	0.333623	0.274579	0.287526			
599.592	0.287526	0.287526	0.34812			
599.879	0.34812	0.34812	0.390728			
600.227	0.390728	0.342623	0.35134			
600.57	0.35134	0.35134	0.320933			
600.921	0.320933	0.288354	0.292957			
601.209	0.292957	0.292957	0.336837			
601.502	0.336837	0.336837	0.373413			
601.839	0.373413	0.373413	0.346331			
602.213	0.346331	0.281216	0.295906			
602.494	0.295906	0.295906	0.35038			
602.79	0.35038	0.35038	0.383306			
603.14	0.383306	0.337532	0.34557			
603.478	0.34557	0.34557	0.324919			
603.823	0.324919	0.324919	0.299963			
604.148	0.299963	0.299963	0.301881			
604.448	0.301881	0.301881	0.333669			
604.75	0.333669	0.333669	0.361379			
605.084	0.361379	0.361379	0.344149			
605.445	0.344149	0.297826	0.306585			
605.743	0.306585	0.306585	0.342347			
606.05	0.342347	0.342347	0.364498			
606.392	0.364498	0.364498	0.337716			
606.756	0.337716	0.291221	0.300113			
607.048	0.300113	0.300113	0.346254			
607.348	0.346254	0.346254	0.379041			
607.694	0.379041	0.379041	0.346183			
608.073	0.346183	0.281935	0.296315			
608.355	0.296315	0.296315	0.356369			
608.651	0.356369	0.356369	0.396211			
609.008	0.396211	0.347256	0.356127			
609.355	0.356127	0.356127	0.329275			
609.711	0.329275	0.329275	0.299141			
610.04	0.299141	0.299141	0.303076			
610.339	0.303076	0.303076	0.343198			
610.642	0.343198	0.343198	0.376878			
610.986	0.376878	0.376878	0.353109			
611.363	0.353109	0.294185	0.306816			
611.657	0.306816	0.306816	0.355322			
611.964	0.355322	0.355322	0.385134			
612.319	0.385134	0.385134	0.347097			
612.704	0.347097	0.282975	0.297266			
612.987	0.297266	0.297266	0.362523			
613.284	0.362523	0.362523	0.408704			
613.647	0.408704	0.356539	0.366259			
614.003	0.366259	0.366259	0.333865			
614.37	0.333865	0.298787	0.303959			
614.668	0.303959	0.303959	0.351241			
614.972	0.351241	0.351241	0.39098			
615.324	0.39098	0.39098	0.362034			
615.715	0.362034	0.291875	0.307855			
616.006	0.307855	0.307855	0.366675			
616.314	0.366675	0.366675	0.40271			
616.681	0.40271	0.353289	0.362162			
617.034	0.362162	0.362162	0.339808			
617.396	0.339808	0.339808	0.31291			
617.736	0.31291	0.31291	0.31528			
618.049	0.31528	0.31528	0.350172			
618.364	0.350172	0.350172	0.380745			
618.715	0.380745	0.380745	0.362047			
619.095	0.362047	0.311232	0.321107			
619.407	0.321107	0.321107	0.360661			
619.728	0.360661	0.360661	0.385389			
620.088	0.385389	0.385389	0.355982			
620.474	0.355982	0.304581	0.314708			
620.778	0.314708	0.314708	0.366006			
621.093	0.366006	0.366006	0.402825			
621.459	0.402825	0.402825	0.366409			
621.862	0.366409	0.29496	0.311218			
622.157	0.311218	0.311218	0.378219			
622.468	0.378219	0.378219	0.423358			
622.846	0.423358	0.36833	0.3787			
623.215	0.3787	0.3787	0.348856			
623.593	0.348856	0.348856	0.31523			
623.942	0.31523	0.31523	0.319622			
624.257	0.319622	0.319622	0.364758			
624.577	0.364758	0.364758	0.403442			
624.942	0.403442	0.403442	0.377242			
625.345	0.377242	0.310516	0.325176			
625.656	0.325176	0.325176	0.379937			
625.981	0.379937	0.379937	0.413719			
626.361	0.413719	0.370282	0.376901			
626.731	0.376901	0.376901	0.353955			
627.108	0.353955	0.353955	0.3292			
627.462	0.3292	0.3292	0.334384			
627.791	0.334384	0.334384	0.369925			
628.126	0.369925	0.369925	0.397448			
628.495	0.397448	0.397448	0.375945			
628.893	0.375945	0.327474	0.3363			
629.22	0.3363	0.3363	0.377938			
629.557	0.377938	0.377938	0.40659			
629.935	0.40659	0.40659	0.377846			
630.341	0.377846	0.322351	0.333397			
630.664	0.333397	0.333397	0.385984			
630.997	0.385984	0.385984	0.423006			
631.383	0.423006	0.423006	0.385643			
631.806	0.385643	0.313479	0.329633			
632.119	0.329633	0.329633	0.398282			
632.449	0.398282	0.398282	0.445548			
632.847	0.445548	0.391093	0.400827			
633.238	0.400827	0.400827	0.36813			
633.639	0.36813	0.36813	0.33333			
634.007	0.33333	0.33333	0.340053			
634.341	0.340053	0.340053	0.389453			
634.681	0.389453	0.389453	0.429504			
635.07	0.429504	0.429504	0.399155			
635.5	0.399155	0.328181	0.343773			
635.828	0.343773	0.343773	0.404937			
636.172	0.404937	0.404937	0.444513			
636.577	0.444513	0.39701	0.404394			
636.974	0.404394	0.404394	0.376821			
637.378	0.376821	0.376821	0.348156			
637.755	0.348156	0.348156	0.355261			
638.103	0.355261	0.355261	0.39788			
638.458	0.39788	0.39788	0.430245			
638.856	0.430245	0.430245	0.403686			
639.286	0.403686	0.345654	0.357048			
639.632	0.357048	0.357048	0.40858			
639.989	0.40858	0.40858	0.444114			
640.398	0.444114	0.444114	0.407969			
640.842	0.407969	0.338915	0.353713			
641.181	0.353713	0.353713	0.420152			
641.534	0.420152	0.420152	0.466923			
641.955	0.466923	0.417951	0.425399			
642.372	0.425399	0.425399	0.390358			
642.798	0.390358	0.390358	0.356516			
643.188	0.356516	0.356516	0.367073			
643.545	0.367073	0.367073	0.419804			
643.912	0.419804	0.419804	0.457887			
644.332	0.457887	0.457887	0.422461			
644.79	0.422461	0.35103	0.366328			
645.141	0.366328	0.366328	0.433156			
645.507	0.433156	0.433156	0.479519			
645.94	0.479519	0.430637	0.437795			
646.371	0.437795	0.437795	0.40318			
646.808	0.40318	0.40318	0.370097			
647.212	0.370097	0.370097	0.381235			
647.582	0.381235	0.381235	0.433821			
647.963	0.433821	0.433821	0.470942			
648.397	0.470942	0.470942	0.435567			
648.868	0.435567	0.365823	0.38035			
649.234	0.38035	0.38035	0.446475			
649.614	0.446475	0.446475	0.493145			
650.06	0.493145	0.493145	0.446425			
650.554	0.446425	0.357217	0.377588			
650.911	0.377588	0.377588	0.46329			
651.288	0.46329	0.46329	0.523206			
651.752	0.523206	0.455468	0.468131			
652.207	0.468131	0.468131	0.42797			
652.675	0.42797	0.42797	0.385725			
653.103	0.385725	0.385725	0.39496			
653.489	0.39496	0.39496	0.456691			
653.884	0.456691	0.256333	0.54763			
654.14	0.54763	0.194421	0.855188			
654.335	0.855188	0.186775	0.186656			
654.521	0.186656	0.186656	0.406013			
654.708	0.406013	0.406013	0.506004			
655.114	0.506004	0.506004	0.54143			
655.62	0.54143	0.435533	0.460069			
656.056	0.460069	0.460069	0.466971			
656.516	0.466971	0.466971	0.446026			
656.983	0.446026	0.446026	0.424131			
657.429	0.424131	0.424131	0.431784			
657.853	0.431784	0.431784	0.467807			
658.285	0.467807	0.467807	0.493705			
658.752	0.493705	0.493705	0.473412			
659.246	0.473412	0.473412	0.431209			
659.72	0.431209	0.431209	0.421528			
660.151	0.421528	0.421528	0.46439			
660.572	0.46439	0.46439	0.52124			
661.037	0.52124	0.52124	0.517761			
661.558	0.517761	0.447837	0.461033			
662.006	0.461033	0.461033	0.49337			
662.467	0.49337	0.49337	0.509101			
662.96	0.509101	0.509101	0.485944			
663.469	0.485944	0.485944	0.453002			
663.955	0.453002	0.453002	0.454369			
664.408	0.454369	0.454369	0.498531			
664.863	0.498531	0.498531	0.542512			
665.361	0.542512	0.542512	0.526936			
665.904	0.526936	0.46593	0.475947			
666.37	0.475947	0.475947	0.517982			
666.845	0.517982	0.517982	0.548271			
667.363	0.548271	0.548271	0.524688			
667.912	0.524688	0.524688	0.475412			
668.436	0.475412	0.475412	0.464343			
668.912	0.464343	0.263699	0.554793			
669.176	0.554793	0.160683	0.803416			
669.336	0.803416	0.320989	0.2906			
669.657	0.2906	0.2906	1.453			
669.948	1.453	0.830422	1.05447			
670.778	1.05447	0.468858	0.612176			
671.247	0.612176	0.612176	0.672765			
671.859	0.672765	0.530128	0.564095			
672.389	0.564095	0.564095	0.562056			
672.953	0.562056	0.562056	0.526586			
673.516	0.526586	0.526586	0.505781			
674.042	0.505781	0.505781	0.532211			
674.548	0.532211	0.532211	0.585446			
675.08	0.585446	0.585446	0.602937			
675.666	0.602937	0.602937	0.559877			
676.268	0.559877	0.559877	0.514609			
676.828	0.514609	0.514609	0.528251			
677.343	0.528251	0.528251	0.598076			
677.871	0.598076	0.598076	0.647233			
678.469	0.647233	0.647233	0.607587			
679.117	0.607587	0.530821	0.54439			
679.647	0.54439	0.54439	0.616352			
680.192	0.616352	0.616352	0.667136			
680.808	0.667136	0.667136	0.627441			
681.475	0.627441	0.550728	0.5639			
682.026	0.5639	0.5639	0.635459			
682.59	0.635459	0.635459	0.685851			
683.225	0.685851	0.685851	0.647991			
683.911	0.647991	0.575588	0.586954			
684.487	0.586954	0.586954	0.654396			
685.074	0.654396	0.654396	0.702991			
685.728	0.702991	0.702991	0.670461			
686.431	0.670461	0.670461	0.606445			
687.102	0.606445	0.606445	0.598756			
687.708	0.598756	0.598756	0.668644			
688.307	0.668644	0.668644	0.741269			
688.975	0.741269	0.741269	0.724286			
689.717	0.724286	0.64892	0.659878			
690.366	0.659878	0.659878	0.706441			
691.025	0.706441	0.706441	0.73847			
691.732	0.73847	0.73847	0.722075			
692.47	0.722075	0.722075	0.689502			
693.192	0.689502	0.689502	0.692921			
693.882	0.692921	0.692921	0.739123			
694.575	0.739123	0.739123	0.778824			
695.314	0.778824	0.778824	0.770271			
696.093	0.770271	0.770271	0.739045			
696.863	0.739045	0.739045	0.738428			
697.602	0.738428	0.738428	0.780431			
698.341	0.780431	0.780431	0.820884			
699.121	0.820884	0.820884	0.819645			
699.942	0.819645	0.819645	0.796801			
700.762	0.796801	0.796801	0.79822			
701.558	0.79822	0.79822	0.834066			
702.357	0.834066	0.834066	0.868411			
703.191	0.868411	0.868411	0.872498			
704.059	0.872498	0.872498	0.863232			
704.932	0.863232	0.863232	0.871911			
705.795	0.871911	0.871911	0.901094			
706.667	0.901094	0.901094	0.926426			
707.568	0.926426	0.926426	0.935492			
708.494	0.935492	0.935492	0.941423			
709.43	0.941423	0.941423	0.958149			
710.371	0.958149	0.958149	0.981998			
711.329	0.981998	0.981998	1.00253			
712.311	1.00253	1.00253	1.01932			
713.314	1.01932	1.01932	1.03886			
714.333	1.03886	1.03886	1.06355			
715.372	1.06355	1.06355	1.09188			
716.436	1.09188	1.09188	1.12592			
717.527	1.12592	1.12592	1.18774			
718.653	1.18774	1.18774	1.28341			
719.841	1.28341	1.11182	1.14584			
720.953	1.14584	1.14584	1.07168			
722.099	1.07168	1.07168	0.9761			
723.17	0.9761	0.9761	0.972162			
724.147	0.972162	0.972162	1.07063			
725.119	1.07063	1.07063	1.15423			
726.189	1.15423	1.15423	1.09697			
727.344	1.09697	0.956787	0.982654			
728.3	0.982654	0.2865	1.25294			
728.587	1.25294	0.148666	0.743331			
728.735	0.743331	0.26286	1.3143			
728.998	1.3143	0.0443693	0.0405146			
729.043	0.0405146	0.0405146	0.202573			
729.083	0.202573	0.202573	1.01287			
729.286	1.01287	0.355732	1.62144			
729.642	1.62144	0.294069	1.47035			
729.936	1.47035	0.0559767	0.279883			
729.992	0.279883	0.0506673	0.0460704			
730.042	0.0460704	0.0460704	0.230352			
730.088	0.230352	0.230352	1.15176			
730.319	1.15176	1.15176	1.35924			
731.47	1.35924	1.35924	1.37386			
732.83	1.37386	0.869281	1.0002			
733.699	1.0002	1.0002	1.18362			
734.699	1.18362	1.18362	1.16178			
735.883	1.16178	0.923455	0.979979			
736.806	0.979979	0.979979	1.08821			
737.786	1.08821	1.08821	1.10417			
738.874	1.10417	0.99037	1.00752			
739.865	1.00752	1.00752	1.02174			
740.872	1.02174	1.02174	1.01055			
741.894	1.01055	1.01055	0.983175			
742.905	0.983175	0.983175	0.971106			
743.888	0.971106	0.971106	0.98917			
744.859	0.98917	0.98917	1.01519			
745.848	1.01519	1.01519	1.01287			
746.863	1.01287	1.01287	0.97972			
747.876	0.97972	0.97972	0.954297			
748.856	0.954297	0.954297	0.968228			
749.81	0.968228	0.968228	1.00676			
750.778	1.00676	1.00676	1.02003			
751.785	1.02003	1.02003	0.985067			
752.805	0.985067	0.985067	0.942292			
753.79	0.942292	0.942292	0.944585			
754.732	0.944585	0.944585	0.993415			
755.677	0.993415	0.993415	1.02985			
756.67	1.02985	1.02985	1.00098			
757.7	1.00098	1.00098	0.938506			
758.701	0.938506	0.938506	0.919501			
759.64	0.919501	0.919501	0.972008			
760.559	0.972008	0.972008	1.03813			
761.531	1.03813	1.03813	1.02825			
762.569	1.02825	1.02825	0.947445			
763.598	0.947445	0.947445	0.89623			
764.545	0.89623	0.89623	0.940369			
765.441	0.940369	0.940369	1.03831			
766.382	1.03831	1.03831	1.06533			
767.42	1.06533	1.06533	0.974317			
768.485	0.974317	0.974317	0.880515			
769.46	0.880515	0.880515	0.898857			
770.34	0.898857	0.898857	1.02227			
771.239	1.02227	1.02227	1.10613			
772.261	1.10613	1.10613	1.02395			
773.367	1.02395	0.870777	0.901805			
774.238	0.901805	0.901805	1.03987			
775.14	1.03987	1.03987	1.12063			
776.18	1.12063	1.12063	1.019			
777.301	1.019	0.855981	0.890135			
778.157	0.890135	0.890135	1.05166			
779.047	1.05166	1.05166	1.1504			
780.098	1.1504	1.03179	1.04985			
781.13	1.04985	1.04985	0.98355			
782.18	0.98355	0.98355	0.916328			
783.164	0.916328	0.916328	0.933671			
784.08	0.933671	0.933671	1.02699			
785.014	1.02699	1.02699	1.08632			
786.041	1.08632	1.08632	1.02431			
787.127	1.02431	0.917323	0.933186			
788.044	0.933186	0.933186	1.03203			
788.977	1.03203	1.03203	1.09819			
790.009	1.09819	1.09819	1.03427			
791.108	1.03427	0.917153	0.936216			
792.025	0.936216	0.936216	1.04095			
792.961	1.04095	1.04095	1.10765			
794.002	1.10765	1.10765	1.03659			
795.11	1.03659	0.912758	0.934006			
796.022	0.934006	0.934006	1.048			
796.956	1.048	1.048	1.11872			
798.004	1.11872	1.11872	1.03828			
799.123	1.03828	0.904137	0.928767			
800.027	0.928767	0.928767	1.05369			
800.956	1.05369	1.05369	1.12817			
802.01	1.12817	1.12817	1.03893			
803.138	1.03893	0.893455	0.921707			
804.031	0.921707	0.921707	1.0633			
804.953	1.0633	1.0633	1.15187			
806.016	1.15187	1.15187	1.05389			
807.168	1.05389	0.88635	0.921256			
808.054	0.921256	0.921256	1.08504			
808.976	1.08504	1.08504	1.19184			
810.061	1.19184	1.19184	1.0786			
811.253	1.0786	0.879194	0.923456			
812.132	0.923456	0.923456	1.11847			
813.055	1.11847	1.11847	1.24746			
814.174	1.24746	1.10544	1.12923			
815.279	1.12923	1.12923	1.04423			
816.408	1.04423	1.04423	0.962265			
817.453	0.962265	0.962265	0.992137			
818.415	0.992137	0.992137	1.12255			
819.407	1.12255	1.12255	1.20717			
820.53	1.20717	1.20717	1.12396			
821.737	1.12396	0.977129	1.00389			
822.714	1.00389	1.00389	1.14741			
823.718	1.14741	1.14741	1.22604			
824.865	1.22604	1.06646	1.09647			
825.932	1.09647	1.09647	1.06457			
827.028	1.06457	1.06457	1.00008			
828.093	1.00008	1.00008	0.97834			
829.093	0.97834	0.97834	1.03414			
830.071	1.03414	1.03414	1.08701			
831.105	1.08701	1.08701	1.05761			
832.192	1.05761	1.05761	0.969571			
833.25	0.969571	0.969571	0.926346			
834.219	0.926346	0.926346	0.982901			
835.146	0.982901	0.982901	1.08435			
836.129	1.08435	1.08435	1.09612			
837.213	1.09612	0.979627	0.997667			
838.193	0.997667	0.997667	1.01725			
839.19	1.01725	1.01725	1.00872			
840.208	1.00872	1.00872	0.975123			
841.216	0.975123	0.975123	0.953451			
842.191	0.953451	0.953451	0.970083			
843.145	0.970083	0.970083	1.0072			
844.115	1.0072	1.0072	1.01562			
845.122	1.01562	1.01562	0.975288			
846.138	0.975288	0.975288	0.930001			
847.113	0.930001	0.930001	0.934178			
848.043	0.934178	0.934178	0.988632			
848.977	0.988632	0.988632	1.0293			
849.966	1.0293	0.513266	0.471673			
850.479	0.471673	0.471673	1.6105			
850.951	1.6105	0.663602	0.600222			
851.614	0.600222	0.600222	2.82448			
852.215	2.82448	2.38551	2.50832			
854.6	2.50832	0.696034	1.06427			
855.296	1.06427	1.06427	1.42038			
856.36	1.42038	1.15447	1.21753			
857.515	1.21753	0.89614	0.977055			
858.411	0.977055	0.977055	1.04423			
859.388	1.04423	1.04423	0.997653			
860.432	0.997653	0.880292	0.900166			
861.313	0.900166	0.900166	0.988559			
862.213	0.988559	0.822995	0.860591			
863.036	0.860591	0.672248	0.714861			
863.708	0.714861	0.626506	0.640231			
864.335	0.640231	0.640231	0.607135			
864.975	0.607135	0.607135	0.608539			
865.582	0.608539	0.608539	0.619027			
866.19	0.619027	0.619027	0.630092			
866.809	0.630092	0.630092	0.636405			
867.44	0.636405	0.636405	0.637459			
868.076	0.637459	0.637459	0.634696			
868.713	0.634696	0.634696	0.62956			
869.348	0.62956	0.62956	0.620148			
869.978	0.620148	0.620148	0.618363			
870.598	0.618363	0.618363	0.611801			
871.216	0.611801	0.611801	0.606271			
871.828	0.606271	0.606271	0.600916			
872.434	0.600916	0.600916	0.595312			
873.035	0.595312	0.595312	0.58956			
873.63	0.58956	0.58956	0.58377			
874.22	0.58377	0.58377	0.577968			
874.804	0.577968	0.577968	0.572157			
875.382	0.572157	0.572157	0.566343			
875.954	0.566343	0.566343	0.560537			
876.52	0.560537	0.560537	0.554747			
877.081	0.554747	0.554747	0.548982			
877.636	0.548982	0.548982	0.543251			
878.185	0.543251	0.543251	0.537563			
878.728	0.537563	0.537563	0.531931			
879.265	0.531931	0.531931	0.526363			
879.797	0.526363	0.526363	0.52087			
880.324	0.52087	0.52087	0.515463			
880.845	0.515463	0.515463	0.510148			
881.36	0.510148	0.510148	0.504933			
881.87	0.504933	0.504933	0.499825			
882.375	0.499825	0.499825	0.494829			
882.875	0.494829	0.494829	0.489948			
883.37	0.489948	0.489948	0.485185			
883.86	0.485185	0.485185	0.480542			
884.345	0.480542	0.480542	0.47602			
884.825	0.47602	0.47602	0.471618			
885.301	0.471618	0.471618	0.467337			
885.773	0.467337	0.467337	0.463175			
886.24	0.463175	0.463175	0.45913			
886.704	0.45913	0.45913	0.455201			
887.163	0.455201	0.455201	0.451386			
887.618	0.451386	0.451386	0.447681			
888.069	0.447681	0.447681	0.444085			
888.517	0.444085	0.444085	0.440594			
888.961	0.440594	0.440594	0.437205			
889.402	0.437205	0.437205	0.433916			
889.839	0.433916	0.433916	0.430723			
890.273	0.430723	0.430723	0.427623			
890.703	0.427623	0.427623	0.424614			
891.131	0.424614	0.424614	0.421692			
891.556	0.421692	0.421692	0.418855			
891.977	0.418855	0.418855	0.4161			
892.396	0.4161	0.4161	0.413423			
892.812	0.413423	0.413423	0.410822			
893.226	0.410822	0.410822	0.408295			
893.637	0.408295	0.408295	0.405839			
894.045	0.405839	0.405839	0.403451			
894.451	0.403451	0.403451	0.40113			
894.854	0.40113	0.40113	0.398872			
895.255	0.398872	0.398872	0.396676			
895.654	0.396676	0.396676	0.394539			
896.051	0.394539	0.394539	0.392461			
896.445	0.392461	0.392461	0.390439			
896.838	0.390439	0.390439	0.388471			
897.228	0.388471	0.388471	0.386557			
897.617	0.386557	0.386557	0.384694			
898.003	0.384694	0.384694	0.382881			
898.388	0.382881	0.382881	0.381115			
898.771	0.381115	0.381115	0.379394			
899.152	0.379394	0.379394	0.377715			
899.531	0.377715	0.377715	0.376076			
899.909	0.376076	0.376076	0.374476			
900.285	0.374476	0.374476	0.372913			
900.66	0.372913	0.372913	0.371386			
901.033	0.371386	0.371386	0.369895			
901.404	0.369895	0.369895	0.368439			
901.774	0.368439	0.368439	0.367016			
902.142	0.367016	0.367016	0.365627			
902.509	0.365627	0.365627	0.36427			
902.875	0.36427	0.36427	0.362945			
903.239	0.362945	0.362945	0.361651			
903.602	0.361651	0.361651	0.360386			
903.964	0.360386	0.360386	0.35915			
904.324	0.35915	0.35915	0.357943			
904.683	0.357943	0.357943	0.356763			
905.041	0.356763	0.356763	0.35561			
905.398	0.35561	0.35561	0.354481			
905.754	0.354481	0.354481	0.353378			
906.108	0.353378	0.353378	0.3523			
906.462	0.3523	0.3523	0.351247			
906.814	0.351247	0.351247	0.350215			
907.165	0.350215	0.350215	0.349206			
907.515	0.349206	0.349206	0.348218			
907.865	0.348218	0.348218	0.347252			
908.213	0.347252	0.347252	0.346308			
908.56	0.346308	0.346308	0.345384			
908.906	0.345384	0.345384	0.344478			
909.252	0.344478	0.344478	0.343591			
909.596	0.343591	0.343591	0.342723			
909.94	0.342723	0.342723	0.341874			
910.282	0.341874	0.341874	0.341044			
910.624	0.341044	0.341044	0.340231			
910.965	0.340231	0.340231	0.339432			
911.306	0.339432	0.339432	0.338649			
911.645	0.338649	0.338649	0.337885			
911.984	0.337885	0.337885	0.337139			
912.322	0.337139	0.337139	0.336407			
912.659	0.336407	0.336407	0.335688			
912.995	0.335688	0.335688	0.334981			
913.331	0.334981	0.334981	0.33429			
913.666	0.33429	0.33429	0.333618			
914	0.333618	0.333618	0.332961			
914.334	0.332961	0.332961	0.332313			
914.667	0.332313	0.332313	0.331673			
914.999	0.331673	0.331673	0.331048			
915.331	0.331048	0.331048	0.330441			
915.662	0.330441	0.330441	0.329851			
915.992	0.329851	0.329851	0.32927			
916.322	0.32927	0.32927	0.328691			
916.651	0.328691	0.328691	0.328122			
916.98	0.328122	0.328122	0.327572			
917.308	0.327572	0.327572	0.327044			
917.636	0.327044	0.327044	0.326525			
917.963	0.326525	0.326525	0.326004			
918.289	0.326004	0.326004	0.325485			
918.615	0.325485	0.325485	0.324983			
918.941	0.324983	0.324983	0.324508			
919.266	0.324508	0.324508	0.324049			
919.59	0.324049	0.324049	0.323585			
919.914	0.323585	0.323585	0.323112			
920.238	0.323112	0.323112	0.322648			
920.561	0.322648	0.322648	0.322217			
920.884	0.322217	0.322217	0.321815			
921.206	0.321815	0.321815	0.321412			
921.528	0.321412	0.321412	0.320984			
921.849	0.320984	0.320984	0.320549			
922.17	0.320549	0.320549	0.320149			
922.491	0.320149	0.320149	0.319799			
922.811	0.319799	0.319799	0.319461			
923.131	0.319461	0.319461	0.319085			
923.45	0.319085	0.319085	0.318674			
923.769	0.318674	0.318674	0.318288			
924.088	0.318288	0.318288	0.317976			
924.406	0.317976	0.317976	0.317708			
924.724	0.317708	0.317708	0.3174			
925.042	0.3174	0.3174	0.317016			
925.359	0.317016	0.317016	0.316623			
925.676	0.316623	0.316623	0.316325			
925.993	0.316325	0.316325	0.316126			
926.309	0.316126	0.316126	0.31591			
926.625	0.31591	0.31591	0.315571			
926.941	0.315571	0.315571	0.315155			
927.257	0.315155	0.315155	0.314831			
927.572	0.314831	0.314831	0.314683			
927.887	0.314683	0.314683	0.314589			
928.201	0.314589	0.314589	0.314337			
928.516	0.314337	0.314337	0.313897			
928.83	0.313897	0.313897	0.313492			
929.144	0.313492	0.313492	0.313347			
929.458	0.313347	0.313347	0.313394			
929.771	0.313394	0.313394	0.313303			
930.084	0.313303	0.313303	0.312874			
930.398	0.312874	0.312874	0.312328			
930.711	0.312328	0.312328	0.312092			
931.023	0.312092	0.312092	0.312268			
931.335	0.312268	0.312268	0.312436			
931.647	0.312436	0.312436	0.312114			
931.96	0.312114	0.312114	0.311391			
932.272	0.311391	0.311391	0.310915			
932.583	0.310915	0.310915	0.311132			
932.894	0.311132	0.311132	0.31166			
933.205	0.31166	0.31166	0.311634			
933.517	0.311634	0.311634	0.310773			
933.829	0.310773	0.310773	0.309865			
934.139	0.309865	0.309865	0.309912			
934.449	0.309912	0.309912	0.310843			
934.759	0.310843	0.310843	0.311402			
935.07	0.311402	0.311402	0.310593			
935.381	0.310593	0.310593	0.309072			
935.692	0.309072	0.309072	0.308568			
936.001	0.308568	0.308568	0.309786			
936.31	0.309786	0.309786	0.311285			
936.619	0.311285	0.311285	0.310972			
936.931	0.310972	0.310972	0.308787			
937.242	0.308787	0.308787	0.307168			
937.55	0.307168	0.307168	0.308241			
937.858	0.308241	0.308241	0.310984			
938.166	0.310984	0.310984	0.311944			
938.477	0.311944	0.311944	0.309383			
938.789	0.309383	0.309383	0.305983			
939.098	0.305983	0.305983	0.306001			
939.404	0.306001	0.306001	0.309974			
939.71	0.309974	0.309974	0.313315			
940.02	0.313315	0.313315	0.311317			
940.333	0.311317	0.311317	0.305616			
940.645	0.305616	0.305616	0.303063			
940.95	0.303063	0.303063	0.307521			
941.253	0.307521	0.307521	0.31445			
941.561	0.31445	0.31445	0.314958			
941.875	0.314958	0.314958	0.307089			
942.19	0.307089	0.307089	0.299901			
942.497	0.299901	0.299901	0.302848			
942.797	0.302848	0.302848	0.314046			
943.1	0.314046	0.314046	0.320233			
943.414	0.320233	0.320233	0.311848			
943.734	0.311848	0.311848	0.297812			
944.046	0.297812	0.297812	0.295533			
944.344	0.295533	0.295533	0.310044			
944.64	0.310044	0.310044	0.325979			
944.95	0.325979	0.325979	0.321539			
945.276	0.321539	0.321539	0.299302			
945.597	0.299302	0.299302	0.286217			
945.897	0.286217	0.286217	0.299988			
946.183	0.299988	0.299988	0.329016			
946.483	0.329016	0.329016	0.337198			
946.812	0.337198	0.337198	0.308434			
947.149	0.308434	0.277544	0.281837			
947.426	0.281837	0.281837	0.323071			
947.708	0.323071	0.323071	0.35712			
948.031	0.35712	0.35712	0.331353			
948.388	0.331353	0.270189	0.283906			
948.659	0.283906	0.283906	0.335098			
948.943	0.335098	0.335098	0.365783			
949.278	0.365783	0.322673	0.330164			
949.6	0.330164	0.330164	0.310797			
949.931	0.310797	0.310797	0.287243			
950.241	0.287243	0.287243	0.288754			
950.529	0.288754	0.288754	0.318203			
950.817	0.318203	0.318203	0.343881			
951.136	0.343881	0.343881	0.327822			
951.479	0.327822	0.284766	0.292773			
951.764	0.292773	0.292773	0.325687			
952.057	0.325687	0.325687	0.345796			
952.383	0.345796	0.345796	0.320884			
952.728	0.320884	0.278151	0.286142			
953.007	0.286142	0.286142	0.328477			
953.293	0.328477	0.328477	0.358325			
953.621	0.358325	0.358325	0.328053			
953.98	0.328053	0.269135	0.282169			
954.249	0.282169	0.282169	0.337042			
954.531	0.337042	0.337042	0.372965			
954.868	0.372965	0.32837	0.336236			
955.196	0.336236	0.336236	0.311766			
955.532	0.311766	0.311766	0.284286			
955.844	0.284286	0.284286	0.287746			
956.129	0.287746	0.287746	0.323906			
956.416	0.323906	0.323906	0.353848			
956.74	0.353848	0.353848	0.33215			
957.094	0.33215	0.279318	0.290391			
957.373	0.290391	0.290391	0.333818			
957.664	0.333818	0.333818	0.360308			
957.998	0.360308	0.360308	0.326266			
958.358	0.326266	0.268897	0.281448			
958.627	0.281448	0.281448	0.339516			
958.908	0.339516	0.339516	0.379913			
959.248	0.379913	0.333913	0.34213			
959.582	0.34213	0.34213	0.313352			
959.924	0.313352	0.313352	0.282597			
960.237	0.282597	0.282597	0.287614			
960.52	0.287614	0.287614	0.329344			
960.807	0.329344	0.329344	0.363			
961.137	0.363	0.363	0.336594			
961.5	0.336594	0.275742	0.289258			
961.775	0.289258	0.289258	0.341136			
962.065	0.341136	0.341136	0.373043			
962.406	0.373043	0.330456	0.337622			
962.736	0.337622	0.337622	0.316688			
963.074	0.316688	0.316688	0.292531			
963.391	0.292531	0.292531	0.295379			
963.683	0.295379	0.295379	0.32711			
963.978	0.32711	0.32711	0.353439			
964.306	0.353439	0.353439	0.335131			
964.659	0.335131	0.289785	0.298388			
964.949	0.298388	0.298388	0.334898			
965.247	0.334898	0.334898	0.357981			
965.582	0.357981	0.357981	0.330863			
965.94	0.330863	0.282939	0.292419			
966.223	0.292419	0.292419	0.339502			
966.515	0.339502	0.339502	0.372393			
966.855	0.372393	0.372393	0.338232			
967.227	0.338232	0.273109	0.287882			
967.5	0.287882	0.287882	0.349424			
967.788	0.349424	0.349424	0.390371			
968.138	0.390371	0.339467	0.349114			
968.477	0.349114	0.349114	0.322222			
968.826	0.322222	0.322222	0.291342			
969.149	0.291342	0.291342	0.294586			
969.44	0.294586	0.294586	0.334754			
969.734	0.334754	0.334754	0.369429			
970.069	0.369429	0.369429	0.346259			
970.439	0.346259	0.286538	0.299545			
970.725	0.299545	0.299545	0.34771			
971.025	0.34771	0.34771	0.376508			
971.372	0.376508	0.337967	0.343675			
971.71	0.343675	0.343675	0.324184			
972.054	0.324184	0.324184	0.302738			
972.378	0.302738	0.302738	0.306603			
972.681	0.306603	0.306603	0.336319			
972.988	0.336319	0.336319	0.359349			
973.324	0.359349	0.359349	0.34139			
973.683	0.34139	0.300986	0.307837			
973.984	0.307837	0.307837	0.34178			
974.292	0.34178	0.34178	0.364926			
974.634	0.364926	0.364926	0.341504			
974.999	0.341504	0.296605	0.304913			
975.295	0.304913	0.304913	0.346829			
975.6	0.346829	0.346829	0.376091			
975.947	0.376091	0.376091	0.34664			
976.323	0.34664	0.289407	0.301578			
976.613	0.301578	0.301578	0.355271			
976.914	0.355271	0.355271	0.391446			
977.27	0.391446	0.350602	0.356813			
977.62	0.356813	0.356813	0.330073			
977.977	0.330073	0.330073	0.302936			
978.307	0.302936	0.302936	0.30952			
978.61	0.30952	0.30952	0.348978			
978.919	0.348978	0.348978	0.37821			
979.268	0.37821	0.37821	0.352191			
979.647	0.352191	0.297588	0.308834			
979.944	0.308834	0.308834	0.357867			
980.253	0.357867	0.357867	0.390409			
980.611	0.390409	0.390409	0.353881			
981.001	0.353881	0.287685	0.302515			
981.289	0.302515	0.302515	0.367226			
981.592	0.367226	0.367226	0.411881			
981.959	0.411881	0.359946	0.369514			
982.319	0.369514	0.369514	0.33881			
982.688	0.33881	0.33881	0.305486			
983.027	0.305486	0.305486	0.310822			
983.333	0.310822	0.310822	0.356437			
983.643	0.356437	0.356437	0.394128			
984	0.394128	0.394128	0.366287			
984.394	0.366287	0.299707	0.3145			
984.694	0.3145	0.3145	0.37074			
985.008	0.37074	0.37074	0.405797			
985.379	0.405797	0.360506	0.367921			
985.739	0.367921	0.367921	0.344618			
986.107	0.344618	0.344618	0.318742			
986.452	0.318742	0.318742	0.323162			
986.771	0.323162	0.323162	0.359088			
987.094	0.359088	0.359088	0.387933			
987.453	0.387933	0.387933	0.366749			
987.841	0.366749	0.31662	0.326167			
988.157	0.326167	0.326167	0.368145			
988.484	0.368145	0.368145	0.395942			
988.852	0.395942	0.395942	0.365892			
989.248	0.365892	0.310391	0.321654			
989.558	0.321654	0.321654	0.375483			
989.88	0.375483	0.375483	0.413395			
990.255	0.413395	0.413395	0.374669			
990.669	0.374669	0.300542	0.317477			
990.969	0.317477	0.317477	0.387976			
991.287	0.387976	0.387976	0.436112			
991.675	0.436112	0.37841	0.389427			
992.053	0.389427	0.389427	0.357595			
992.442	0.357595	0.357595	0.322066			
992.8	0.322066	0.322066	0.327032			
993.122	0.327032	0.327032	0.375176			
993.449	0.375176	0.375176	0.416323			
993.824	0.416323	0.416323	0.388211			
994.241	0.388211	0.317289	0.333067			
994.558	0.333067	0.333067	0.391717			
994.891	0.391717	0.391717	0.428074			
995.283	0.428074	0.38119	0.388691			
995.664	0.388691	0.388691	0.36458			
996.053	0.36458	0.36458	0.338194			
996.417	0.338194	0.338194	0.343419			
996.755	0.343419	0.343419	0.381122			
997.099	0.381122	0.381122	0.410907			
997.48	0.410907	0.410907	0.388626			
997.891	0.388626	0.336962	0.346588			
998.228	0.346588	0.346588	0.390543			
998.574	0.390543	0.390543	0.420541			
998.965	0.420541	0.420541	0.390108			
999.385	0.390108	0.331979	0.343639			
999.717	0.343639	0.343639	0.399227			
1000.06	0.399227	0.399227	0.438616			
1000.46	0.438616	0.438616	0.399367			
1000.9	0.399367	0.323262	0.340402			
1001.22	0.340402	0.340402	0.412723			
1001.56	0.412723	0.412723	0.462578			
1001.98	0.462578	0.405186	0.415572			
1002.38	0.415572	0.415572	0.381443			
1002.8	0.381443	0.381443	0.345126			
1003.18	0.345126	0.345126	0.352292			
1003.52	0.352292	0.352292	0.404148			
1003.87	0.404148	0.404148	0.446213			
1004.28	0.446213	0.446213	0.414545			
1004.73	0.414545	0.340468	0.356763			
1005.07	0.356763	0.356763	0.420717			
1005.42	0.420717	0.420717	0.462268			
1005.84	0.462268	0.413005	0.42063			
1006.26	0.42063	0.42063	0.3917			
1006.68	0.3917	0.3917	0.362003			
1007.07	0.362003	0.362003	0.369954			
1007.43	0.369954	0.369954	0.414885			
1007.8	0.414885	0.414885	0.448522			
1008.22	0.448522	0.448522	0.420363			
1008.66	0.420363	0.360007	0.371835			
1009.02	0.371835	0.371835	0.426133			
1009.4	0.426133	0.426133	0.464001			
1009.82	0.464001	0.464001	0.426486			
1010.29	0.426486	0.353987	0.369542			
1010.64	0.369542	0.369542	0.43896			
1011.01	0.43896	0.43896	0.487751			
1011.45	0.487751	0.437038	0.44466			
1011.89	0.44466	0.44466	0.408228			
1012.33	0.408228	0.408228	0.373451			
1012.74	0.373451	0.373451	0.385043			
1013.11	0.385043	0.385043	0.440177			
1013.5	0.440177	0.440177	0.479286			
1013.94	0.479286	0.479286	0.442133			
1014.42	0.442133	0.368754	0.384314			
1014.79	0.384314	0.384314	0.453827			
1015.17	0.453827	0.453827	0.502587			
1015.62	0.502587	0.502587	0.452924			
1016.13	0.452924	0.359392	0.380969			
1016.49	0.380969	0.380969	0.471252			
1016.87	0.471252	0.471252	0.534543			
1017.34	0.534543	0.462251	0.47622			
1017.8	0.47622	0.47622	0.434608			
1018.28	0.434608	0.38984	0.396217			
1018.67	0.396217	0.396217	0.45814			
1019.06	0.45814	0.256944	0.553951			
1019.32	0.553951	0.195693	0.862714			
1019.51	0.862714	0.179536	0.180825			
1019.69	0.180825	0.180825	0.388709			
1019.87	0.388709	0.388709	0.480192			
1020.26	0.480192	0.480192	0.550099			
1020.74	0.550099	0.484524	0.496006			
1021.23	0.496006	0.44364	0.451531			
1021.67	0.451531	0.451531	0.45835			
1022.12	0.45835	0.45835	0.457521			
1022.58	0.457521	0.457521	0.451651			
1023.04	0.451651	0.451651	0.450551			
1023.49	0.450551	0.450551	0.459469			
1023.94	0.459469	0.459469	0.471603			
1024.4	0.471603	0.471603	0.474306			
1024.87	0.474306	0.474306	0.465228			
1025.35	0.465228	0.465228	0.457614			
1025.81	0.457614	0.457614	0.464838			
1026.27	0.464838	0.464838	0.483692			
1026.73	0.483692	0.483692	0.494751			
1027.22	0.494751	0.494751	0.484574			
1027.71	0.484574	0.484574	0.466666			
1028.2	0.466666	0.466666	0.466568			
1028.66	0.466568	0.466568	0.491339			
1029.13	0.491339	0.491339	0.517709			
1029.62	0.517709	0.517709	0.513162			
1030.14	0.513162	0.513162	0.481899			
1030.65	0.481899	0.481899	0.464977			
1031.13	0.464977	0.464977	0.489747			
1031.6	0.489747	0.489747	0.53842			
1032.09	0.53842	0.53842	0.554485			
1032.63	0.554485	0.554485	0.511397			
1033.18	0.511397	0.511397	0.464012			
1033.69	0.464012	0.464012	0.474181			
1034.16	0.474181	0.266274	0.58811			
1034.42	0.58811	0.0923862	0.461931			
1034.52	0.461931	0.291604	0.267724			
1034.81	0.267724	0.267724	0.813884			
1035.08	0.813884	0.813884	0.908971			
1035.89	0.908971	0.436783	0.552879			
1036.33	0.552879	0.552879	0.671011			
1036.88	0.671011	0.671011	0.614599			
1037.55	0.614599	0.441034	0.483887			
1037.99	0.483887	0.483887	0.610782			
1038.48	0.610782	0.610782	0.675826			
1039.09	0.675826	0.56273	0.587397			
1039.65	0.587397	0.587397	0.565985			
1040.24	0.565985	0.565985	0.527516			
1040.8	0.527516	0.527516	0.524581			
1041.33	0.524581	0.524581	0.570822			
1041.85	0.570822	0.570822	0.620244			
1042.43	0.620244	0.620244	0.609404			
1043.05	0.609404	0.609404	0.552329			
1043.65	0.552329	0.552329	0.525472			
1044.21	0.525472	0.525472	0.569907			
1044.73	0.569907	0.569907	0.647443			
1045.3	0.647443	0.647443	0.662195			
1045.95	0.662195	0.59091	0.60186			
1046.54	0.60186	0.60186	0.614412			
1047.14	0.614412	0.614412	0.618545			
1047.76	0.618545	0.618545	0.614433			
1048.38	0.614433	0.614433	0.613443			
1048.99	0.613443	0.613443	0.624121			
1049.6	0.624121	0.624121	0.640821			
1050.23	0.640821	0.640821	0.649236			
1050.87	0.649236	0.649236	0.644748			
1051.52	0.644748	0.644748	0.639834			
1052.16	0.639834	0.639834	0.648642			
1052.8	0.648642	0.648642	0.66885			
1053.45	0.66885	0.66885	0.682869			
1054.12	0.682869	0.682869	0.679859			
1054.8	0.679859	0.679859	0.67138			
1055.48	0.67138	0.67138	0.676957			
1056.15	0.676957	0.676957	0.699211			
1056.83	0.699211	0.699211	0.719127			
1057.53	0.719127	0.719127	0.719533			
1058.25	0.719533	0.719533	0.709041			
1058.97	0.709041	0.709041	0.711042			
1059.68	0.711042	0.711042	0.733555			
1060.39	0.733555	0.733555	0.75826			
1061.12	0.75826	0.75826	0.763292			
1061.88	0.763292	0.763292	0.753288			
1062.64	0.753288	0.753288	0.752931			
1063.4	0.752931	0.752931	0.774359			
1064.15	0.774359	0.774359	0.801546			
1064.92	0.801546	0.801546	0.811112			
1065.73	0.811112	0.811112	0.804398			
1066.54	0.804398	0.804398	0.804427			
1067.34	0.804427	0.804427	0.824487			
1068.15	0.824487	0.824487	0.851466			
1068.97	0.851466	0.851466	0.864409			
1069.82	0.864409	0.864409	0.863469			
1070.69	0.863469	0.863469	0.867433			
1071.55	0.867433	0.867433	0.887037			
1072.42	0.887037	0.887037	0.912057			
1073.3	0.912057	0.912057	0.927563			
1074.22	0.927563	0.927563	0.934765			
1075.14	0.934765	0.934765	0.946563			
1076.08	0.946563	0.946563	0.968689			
1077.03	0.968689	0.968689	0.994325			
1077.99	0.994325	0.994325	1.01737			
1078.99	1.01737	1.01737	1.04334			
1080.01	1.04334	1.04334	1.08631			
1081.05	1.08631	1.08631	1.17837			
1082.14	1.17837	1.17837	1.14876			
1083.31	1.14876	0.871679	0.93817			
1084.19	0.93817	0.93817	1.12524			
1085.12	1.12524	1.12524	1.16195			
1086.25	1.16195	0.952717	1.00062			
1087.2	1.00062	1.00062	1.03558			
1088.2	1.03558	1.03558	1.00289			
1089.24	1.00289	1.00289	0.935435			
1090.24	0.935435	0.935435	0.912911			
1091.18	0.912911	0.912911	0.964415			
1092.09	0.964415	0.964415	1.03076			
1093.05	1.03076	0.294118	1.18807			
1093.35	1.18807	0.394967	1.40754			
1093.74	1.40754	0.190676	0.953378			
1093.93	0.953378	0.0404762	0.202381			
1093.97	0.202381	0.0189822	0.0949109			
1093.99	0.0949109	0.0445935	0.0406465			
1094.04	0.0406465	0.0406465	0.203232			
1094.08	0.203232	0.203232	1.01616			
1094.28	1.01616	0.356831	1.35154			
1094.64	1.35154	0.254506	1.27253			
1094.89	1.27253	0.0807825	0.403913			
1094.97	0.403913	0.0235609	0.117804			
1095	0.117804	0.0487449	0.043984			
1095.05	0.043984	0.043984	0.21992			
1095.09	0.21992	0.21992	1.0996			
1095.31	1.0996	1.0996	1.22247			
1096.41	1.22247	1.22247	1.28724			
1097.63	1.28724	0.855098	0.967757			
1098.49	0.967757	0.967757	1.07804			
1099.45	1.07804	1.07804	1.02308			
1100.53	1.02308	0.851596	0.888942			
1101.38	0.888942	0.888942	1.00398			
1102.27	1.00398	1.00398	1.05156			
1103.28	1.05156	1.05156	0.950444			
1104.33	0.950444	0.82079	0.845569			
1105.15	0.845569	0.845569	0.990655			
1105.99	0.990655	0.990655	1.08347			
1106.99	1.08347	1.08347	0.976246			
1108.07	0.976246	0.790956	0.833034			
1108.86	0.833034	0.833034	1.00568			
1109.69	1.00568	1.00568	1.10117			
1110.7	1.10117	0.955529	0.983891			
1111.65	0.983891	0.983891	0.931506			
1112.64	0.931506	0.931506	0.860121			
1113.57	0.860121	0.860121	0.856698			
1114.43	0.856698	0.856698	0.932394			
1115.29	0.932394	0.932394	0.999699			
1116.22	0.999699	0.999699	0.960795			
1117.22	0.960795	0.856839	0.873118			
1118.08	0.873118	0.873118	0.944968			
1118.95	0.944968	0.944968	0.984288			
1119.89	0.984288	0.984288	0.929957			
1120.88	0.929957	0.929957	0.846878			
1121.81	0.846878	0.846878	0.836841			
1122.65	0.836841	0.836841	0.920164			
1123.49	0.920164	0.920164	1.00401			
1124.41	1.00401	1.00401	0.968889			
1125.42	0.968889	0.847643	0.86952			
1126.26	0.86952	0.86952	0.945883			
1127.13	0.945883	0.945883	0.982943			
1128.08	0.982943	0.982943	0.922558			
1129.06	0.922558	0.922558	0.838612			
1129.98	0.838612	0.838612	0.83455			
1130.82	0.83455	0.83455	0.925333			
1131.66	0.925333	0.925333	1.00935			
1132.58	1.00935	1.00935	0.965855			
1133.59	0.965855	0.839032	0.862725			
1134.43	0.862725	0.862725	0.951104			
1135.29	0.951104	0.951104	0.997159			
1136.24	0.997159	0.997159	0.929802			
1137.24	0.929802	0.832016	0.846621			
1138.07	0.846621	0.846621	0.947908			
1138.92	0.947908	0.947908	1.01794			
1139.87	1.01794	1.01794	0.952115			
1140.89	0.952115	0.82652	0.84992			
1141.71	0.84992	0.84992	0.961459			
1142.56	0.961459	0.961459	1.02954			
1143.52	1.02954	1.02954	0.950203			
1144.55	0.950203	0.817171	0.842958			
1145.37	0.842958	0.842958	0.971595			
1146.21	0.971595	0.971595	1.05255			
1147.19	1.05255	1.05255	0.961355			
1148.24	0.961355	0.804829	0.837918			
1149.04	0.837918	0.837918	0.987926			
1149.88	0.987926	0.987926	1.07916			
1150.87	1.07916	0.968165	0.984968			
1151.84	0.984968	0.984968	0.923868			
1152.82	0.923868	0.923868	0.861526			
1153.75	0.861526	0.861526	0.87743			
1154.61	0.87743	0.87743	0.964391			
1155.48	0.964391	0.964391	1.02063			
1156.45	1.02063	1.02063	0.963198			
1157.47	0.963198	0.862047	0.877141			
1158.33	0.877141	0.877141	0.969979			
1159.21	0.969979	0.969979	1.03265			
1160.18	1.03265	1.03265	0.97273			
1161.21	0.97273	0.861668	0.879876			
1162.07	0.879876	0.879876	0.979701			
1162.95	0.979701	0.979701	1.045			
1163.93	1.045	1.045	0.978753			
1164.98	0.978753	0.859858	0.8805			
1165.84	0.8805	0.8805	0.990869			
1166.72	0.990869	0.990869	1.06353			
1167.71	1.06353	1.06353	0.990217			
1168.77	0.990217	0.857585	0.882454			
1169.63	0.882454	0.882454	1.00694			
1170.51	1.00694	1.00694	1.08851			
1171.52	1.08851	1.08851	1.00481			
1172.61	1.00481	0.854435	0.88469			
1173.46	0.88469	0.88469	1.02839			
1174.35	1.02839	1.02839	1.12259			
1175.38	1.12259	1.12259	1.02428			
1176.5	1.02428	0.849103	0.886785			
1177.35	0.886785	0.886785	1.05627			
1178.23	1.05627	1.05627	1.16688			
1179.29	1.16688	1.04686	1.06481			
1180.34	1.06481	1.06481	0.988905			
1181.4	0.988905	0.988905	0.918111			
1182.39	0.918111	0.918111	0.946479			
1183.31	0.946479	0.946479	1.06101			
1184.26	1.06101	1.06101	1.13213			
1185.32	1.13213	1.13213	1.05636			
1186.45	1.05636	0.927744	0.949884			
1187.38	0.949884	0.949884	1.07824			
1188.33	1.07824	1.07824	1.17083			
1189.4	1.17083	1.17083	1.09384			
1190.58	1.09384	0.93914	0.969074			
1191.51	0.969074	0.969074	1.10948			
1192.48	1.10948	1.10948	1.20258			
1193.59	1.20258	1.20258	1.11207			
1194.8	1.11207	0.948075	0.980605			
1195.74	0.980605	0.980605	1.13801			
1196.72	1.13801	1.13801	1.24285			
1197.86	1.24285	1.07219	1.10627			
1198.93	1.10627	1.10627	1.02351			
1200.04	1.02351	0.917201	0.933205			
1200.96	0.933205	0.933205	1.05426			
1201.89	1.05426	1.05426	1.14471			
1202.95	1.14471	1.14471	1.05823			
1204.09	1.05823	0.875588	0.916174			
1204.97	0.916174	0.916174	1.0731			
1205.88	1.0731	1.0731	1.16616			
1206.96	1.16616	1.02887	1.05297			
1207.98	1.05297	1.05297	0.991436			
1209.04	0.991436	0.991436	0.912686			
1210.03	0.912686	0.912686	0.910633			
1210.94	0.910633	0.910633	0.998751			
1211.85	0.998751	0.998751	1.08082			
1212.85	1.08082	1.08082	1.03364			
1213.93	1.03364	0.89463	0.921261			
1214.83	0.921261	0.14352	0.7176			
1214.97	0.7176	0.452242	0.414231			
1215.42	0.414231	0.414231	1.6963			
1215.84	1.6963	0.595943	0.537686			
1216.43	0.537686	0.537686	1.71171			
1216.97	1.71171	1.28781	1.40675			
1218.26	1.40675	1.17017	1.22698			
1219.43	1.22698	1.0993	1.12061			
1220.53	1.12061	1.12061	1.02635			
1221.65	1.02635	1.02635	0.955636			
1222.67	0.955636	0.955636	0.905721			
1223.63	0.905721	0.905721	0.863072			
1224.54	0.863072	0.863072	0.832698			
1225.4	0.832698	0.832698	0.795208			
1226.23	0.795208	0.795208	0.767475			
1227.03	0.767475	0.767475	0.745753			
1227.79	0.745753	0.745753	0.725931			
1228.54	0.725931	0.725931	0.707809			
1229.27	0.707809	0.707809	0.691518			
1229.97	0.691518	0.691518	0.676868			
1230.66	0.676868	0.676868	0.663624			
1231.34	0.663624	0.663624	0.651592			
1232.01	0.651592	0.651592	0.640605			
1232.66	0.640605	0.640605	0.630506			
1233.3	0.630506	0.630506	0.62115			
1233.93	0.62115	0.62115	0.612411			
1234.55	0.612411	0.612411	0.604183			
1235.16	0.604183	0.604183	0.596375			
1235.77	0.596375	0.596375	0.588915			
1236.36	0.588915	0.588915	0.581742			
1236.95	0.581742	0.581742	0.574813			
1237.53	0.574813	0.574813	0.56809			
1238.11	0.56809	0.56809	0.561549			
1238.68	0.561549	0.561549	0.555171			
1239.24	0.555171	0.555171	0.548941			
1239.79	0.548941	0.548941	0.542851			
