t	tintnext	sstore	sstored	stry	sdid	snext
0.0000002	0.001	0.001	0.005			
0.0010002	0.005	0.005	0.025			
0.0060002	0.025	0.025	0.125			
0.0310002	0.125	0.125	0.625			
0.156	0.625	0.625	0.657564			
0.781	0.657564	0.549695	0.594473			
1.33069	0.594473	0.594473	0.647761			
1.92517	0.647761	0.647761	0.818238			
2.57293	0.818238	0.818238	1.06797			
3.39117	1.06797	1.06797	1.38215			
4.45913	1.38215	1.38215	1.74408			
5.84129	1.74408	1.74408	2.04865			
7.58537	2.04865	1.75618	1.82087			
9.34155	1.82087	1.00442	1.21097			
10.346	1.21097	1.21097	1.47965			
11.5569	1.47965	1.47965	1.4306			
13.0366	1.4306	1.05484	1.14787			
14.0914	1.14787	1.14787	1.35622			
15.2393	1.35622	1.35622	1.42659			
16.5955	1.42659	1.21081	1.25545			
17.8063	1.25545	1.25545	1.26075			
19.0618	1.26075	1.26075	1.21494			
20.3225	1.21494	1.21494	1.1734			
21.5375	1.1734	1.1734	1.19207			
22.7109	1.19207	1.19207	1.26016			
23.9029	1.26016	1.26016	1.29856			
25.1631	1.29856	1.29856	1.2486			
26.4617	1.2486	1.2486	1.16587			
27.7103	1.16587	1.16587	1.15285			
28.8761	1.15285	1.15285	1.23799			
30.029	1.23799	1.23799	1.33282			
31.267	1.33282	1.33282	1.30541			
32.5998	1.30541	1.17341	1.19233			
33.7732	1.19233	1.19233	1.26288			
34.9655	1.26288	1.26288	1.30099			
36.2284	1.30099	1.30099	1.24515			
37.5294	1.24515	1.24515	1.15591			
38.7746	1.15591	1.15591	1.14141			
39.9305	1.14141	1.14141	1.23035			
41.0719	1.23035	1.23035	1.32869			
42.3022	1.32869	1.32869	1.29639			
43.6309	1.29639	1.1518	1.17521			
44.7827	1.17521	1.17521	1.25511			
45.9579	1.25511	1.25511	1.29342			
47.2131	1.29342	1.29342	1.22351			
48.5065	1.22351	1.22351	1.12185			
49.73	1.12185	1.12185	1.10958			
50.8518	1.10958	1.10958	1.21272			
51.9614	1.21272	1.21272	1.32004			
53.1741	1.32004	1.32004	1.27377			
54.4942	1.27377	1.10331	1.13579			
55.5975	1.13579	1.13579	1.24199			
56.7333	1.24199	1.24199	1.291			
57.9753	1.291	1.291	1.1948			
59.2663	1.1948	1.05976	1.08177			
60.326	1.08177	1.08177	1.2264			
61.4078	1.2264	1.2264	1.32803			
62.6342	1.32803	1.32803	1.21977			
63.9622	1.21977	1.00832	1.05475			
64.9705	1.05475	1.05475	1.24496			
66.0253	1.24496	1.24496	1.35847			
67.2702	1.35847	1.19004	1.22103			
68.4603	1.22103	1.22103	1.1476			
69.6813	1.1476	1.1476	1.04985			
70.8289	1.04985	1.04985	1.04246			
71.8788	1.04246	1.04246	1.14411			
72.9212	1.14411	1.14411	1.24213			
74.0653	1.24213	1.24213	1.18798			
75.3075	1.18798	1.02128	1.05413			
76.3287	1.05413	1.05413	1.16715			
77.3829	1.16715	1.16715	1.22095			
78.55	1.22095	1.22095	1.11828			
79.771	1.11828	0.970608	0.998254			
80.7416	0.998254	0.998254	1.15505			
81.7398	1.15505	1.15505	1.27984			
82.8949	1.27984	1.09149	1.13162			
83.9864	1.13162	1.13162	1.07525			
85.118	1.07525	1.07525	0.991932			
86.1932	0.991932	0.991932	0.982571			
87.1852	0.982571	0.982571	1.06181			
88.1678	1.06181	1.06181	1.13659			
89.2296	1.13659	1.13659	1.10396			
90.3662	1.10396	1.10396	0.998887			
91.4701	0.998887	0.998887	0.949938			
92.469	0.949938	0.949938	1.02432			
93.4189	1.02432	1.02432	1.16722			
94.4433	1.16722	1.16722	1.21152			
95.6105	1.21152	1.04659	1.07811			
96.6571	1.07811	1.07811	1.09923			
97.7352	1.09923	1.09923	1.16346			
98.8344	1.16346	1.16346	1.12336			
99.9979	1.12336	0.932557	0.97441			
100.93	0.97441	0.97441	1.08368			
101.905	1.08368	1.08368	1.12421			
102.989	1.12421	1.12421	1.01893			
104.113	1.01893	0.887063	0.911264			
105	0.911264	0.911264	1.06515			
105.911	1.06515	1.06515	1.17743			
106.976	1.17743	1.17743	1.06441			
108.154	1.06441	0.840174	0.892879			
108.994	0.892879	0.892879	1.09268			
109.887	1.09268	1.09268	1.21491			
110.979	1.21491	1.03297	1.07112			
112.012	1.07112	1.07112	0.999178			
113.083	0.999178	0.898675	0.912891			
113.982	0.912891	0.912891	1.01975			
114.895	1.01975	1.01975	1.0994			
115.915	1.0994	1.0994	1.02513			
117.014	1.02513	0.867539	0.900068			
117.882	0.900068	0.900068	1.03502			
118.782	1.03502	1.03502	1.11789			
119.817	1.11789	1.00507	0.936429			
120.822	0.936429	0.936429	0.881654			
121.758	0.881654	0.881654	1.01885			
122.64	1.01885	1.01885	1.11277			
123.659	1.11277	1.11277	1.00818			
124.772	1.00818	0.813546	0.857875			
125.585	0.857875	0.857875	1.03735			
126.443	1.03735	1.03735	1.14668			
127.48	1.14668	0.990657	1.02139			
128.471	1.02139	1.02139	0.954887			
129.492	0.954887	0.954887	0.868814			
130.447	0.868814	0.868814	0.867182			
131.316	0.867182	0.867182	0.964195			
132.183	0.964195	0.964195	1.05516			
133.147	1.05516	1.05516	1.00579			
134.203	1.00579	0.857126	0.887102			
135.06	0.887102	0.887102	0.993352			
135.947	0.993352	0.993352	1.05092			
136.94	1.05092	1.05092	0.963833			
137.991	0.963833	0.828572	0.854728			
138.82	0.854728	0.854728	0.99602			
139.674	0.99602	0.99602	1.09607			
140.67	1.09607	1.09607	0.99261			
141.767	0.99261	0.793599	0.839292			
142.56	0.839292	0.839292	1.02387			
143.399	1.02387	1.02387	1.14245			
144.423	1.14245	0.983299	1.01494			
145.407	1.01494	1.01494	0.94139			
146.422	0.94139	0.94139	0.850009			
147.363	0.850009	0.850009	0.852134			
148.213	0.852134	0.852134	0.961326			
149.065	0.961326	0.961326	1.06245			
150.026	1.06245	1.06245	1.00482			
151.089	1.00482	0.83704	0.873002			
151.926	0.873002	0.873002	0.998303			
152.799	0.998303	0.998303	1.06775			
153.797	1.06775	1.06775	0.965102			
154.865	0.965102	0.804824	0.838811			
155.67	0.838811	0.838811	1.00753			
156.509	1.00753	1.00753	1.12731			
157.516	1.12731	0.997605	1.01964			
158.514	1.01964	1.01964	0.930536			
159.533	0.930536	0.930536	0.839215			
160.464	0.839215	0.839215	0.857446			
161.303	0.857446	0.857446	0.984316			
162.161	0.984316	0.984316	1.08184			
163.145	1.08184	1.08184	0.997842			
164.227	0.997842	0.81682	0.856848			
165.044	0.856848	0.856848	1.01579			
165.9	1.01579	1.01579	1.11555			
166.916	1.11555	0.986043	1.00812			
167.902	1.00812	1.00812	0.941752			
168.91	0.941752	0.941752	0.866444			
169.852	0.866444	0.866444	0.876085			
170.719	0.876085	0.876085	0.975395			
171.595	0.975395	0.975395	1.05673			
172.57	1.05673	1.05673	0.998288			
173.627	0.998288	0.856936	0.884422			
174.484	0.884422	0.884422	0.999596			
175.368	0.999596	0.999596	1.07194			
176.368	1.07194	1.07194	0.985731			
177.44	0.985731	0.834975	0.865563			
178.275	0.865563	0.865563	1.01418			
179.14	1.01418	1.01418	1.11721			
180.154	1.11721	1.11721	1.00814			
181.272	1.00814	0.804079	0.850809			
182.076	0.850809	0.850809	1.04418			
182.926	1.04418	1.04418	1.17278			
183.971	1.17278	1.01046	1.04244			
184.981	1.04244	1.04244	0.96046			
186.024	0.96046	0.864223	0.877444			
186.888	0.877444	0.877444	0.99804			
187.765	0.99804	0.99804	1.0965			
188.763	1.0965	1.0965	1.0227			
189.86	1.0227	0.848377	0.885801			
190.708	0.885801	0.885801	1.03157			
191.594	1.03157	1.03157	1.12096			
192.625	1.12096	1.00604	1.02296			
193.632	1.02296	1.02296	0.960936			
194.654	0.960936	0.960936	0.894446			
195.615	0.894446	0.894446	0.907589			
196.51	0.907589	0.907589	1.00011			
197.417	1.00011	1.00011	1.06969			
198.418	1.06969	1.06969	1.01183			
199.487	1.01183	0.887385	0.908923			
200.375	0.908923	0.908923	1.01572			
201.284	1.01572	1.01572	1.088			
202.299	1.088	1.088	1.01375			
203.387	1.01375	0.873555	0.899993			
204.261	0.899993	0.899993	1.03142			
205.161	1.03142	1.03142	1.12216			
206.192	1.12216	1.12216	1.02953			
207.314	1.02953	0.853888	0.890941			
208.168	0.890941	0.890941	1.05682			
209.059	1.05682	1.05682	1.16932			
210.116	1.16932	1.04584	1.06434			
211.162	1.06434	1.06434	0.983285			
212.226	0.983285	0.983285	0.905138			
213.21	0.905138	0.905138	0.931275			
214.115	0.931275	0.931275	1.05429			
215.046	1.05429	1.05429	1.14083			
216.1	1.14083	1.14083	1.03403			
217.241	1.03403	0.927552	0.941347			
218.169	0.941347	0.941347	0.952021			
219.11	0.952021	0.952021	0.963771			
220.062	0.963771	0.963771	0.998985			
221.026	0.998985	0.998985	1.05351			
222.025	1.05351	1.05351	1.12958			
223.078	1.12958	1.12958	1.23188			
224.208	1.23188	1.23188	1.36204			
225.44	1.36204	1.11905	1.16984			
226.559	1.16984	1.16984	1.10582			
227.729	1.10582	1.10582	1.00818			
228.834	1.00818	1.00818	1.00079			
229.843	1.00079	1.00079	1.10788			
230.843	1.10788	1.10788	1.2194			
231.951	1.2194	1.2194	1.16937			
233.171	1.16937	0.964093	1.0069			
234.135	1.0069	1.0069	1.14663			
235.142	1.14663	1.14663	1.1025			
236.288	1.1025	0.928554	0.964147			
237.217	0.964147	0.822178	0.849813			
238.039	0.849813	0.747704	0.76424			
238.787	0.76424	0.76424	0.700661			
239.551	0.700661	0.700661	0.67295			
240.252	0.67295	0.67295	0.663499			
240.925	0.663499	0.663499	0.664742			
241.588	0.664742	0.664742	0.671167			
242.253	0.671167	0.671167	0.679713			
242.924	0.679713	0.679713	0.688843			
243.604	0.688843	0.688843	0.697882			
244.293	0.697882	0.697882	0.706521			
244.99	0.706521	0.706521	0.714575			
245.697	0.714575	0.714575	0.721895			
246.411	0.721895	0.721895	0.72835			
247.133	0.72835	0.72835	0.733834			
247.862	0.733834	0.733834	0.738279			
248.596	0.738279	0.738279	0.741664			
249.334	0.741664	0.741664	0.744018			
250.076	0.744018	0.744018	0.745418			
250.82	0.745418	0.745418	0.745981			
251.565	0.745981	0.745981	0.745842			
252.311	0.745842	0.745842	0.745138			
253.057	0.745138	0.745138	0.744			
253.802	0.744	0.744	0.742539			
254.546	0.742539	0.742539	0.74085			
255.288	0.74085	0.74085	0.739011			
256.029	0.739011	0.739011	0.737078			
256.768	0.737078	0.737078	0.735124			
257.505	0.735124	0.735124	0.733178			
258.241	0.733178	0.733178	0.731261			
258.974	0.731261	0.731261	0.729397			
259.705	0.729397	0.729397	0.727612			
260.434	0.727612	0.727612	0.725928			
261.162	0.725928	0.725928	0.724238			
261.888	0.724238	0.724238	0.724114			
262.612	0.724114	0.724114	0.722666			
263.336	0.722666	0.722666	0.719973			
264.059	0.719973	0.719973	0.71788			
264.779	0.71788	0.71788	0.717811			
265.497	0.717811	0.717811	0.718883			
266.215	0.718883	0.718883	0.718743			
266.933	0.718743	0.718743	0.716429			
267.652	0.716429	0.716429	0.713846			
268.369	0.713846	0.713846	0.713714			
269.082	0.713714	0.713714	0.716152			
269.796	0.716152	0.716152	0.718055			
270.512	0.718055	0.718055	0.71658			
271.23	0.71658	0.71658	0.712981			
271.947	0.712981	0.712981	0.711723			
272.66	0.711723	0.711723	0.715197			
273.372	0.715197	0.715197	0.720181			
274.087	0.720181	0.720181	0.720864			
274.807	0.720864	0.720864	0.716075			
275.528	0.716075	0.716075	0.711875			
276.244	0.711875	0.711875	0.714937			
276.956	0.714937	0.714937	0.723961			
277.671	0.723961	0.723961	0.72953			
278.395	0.72953	0.72953	0.724709			
279.124	0.724709	0.724709	0.71522			
279.849	0.71522	0.71522	0.714356			
280.564	0.714356	0.714356	0.727088			
281.279	0.727088	0.727088	0.741832			
282.006	0.741832	0.741832	0.741227			
282.747	0.741227	0.741227	0.72479			
283.489	0.72479	0.72479	0.713565			
284.214	0.713565	0.713565	0.725995			
284.927	0.725995	0.725995	0.75445			
285.653	0.75445	0.75445	0.767697			
286.408	0.767697	0.767697	0.747536			
287.175	0.747536	0.747536	0.71009			
287.923	0.71009	0.71009	0.710807			
288.633	0.710807	0.512296	0.537599			
289.145	0.537599	0.537599	0.777594			
289.683	0.777594	0.2792	0.255796			
289.962	0.255796	0.255796	0.56865			
290.218	0.56865	0.56865	0.67775			
290.786	0.67775	0.67775	0.899098			
291.464	0.899098	0.899098	0.947616			
292.363	0.947616	0.711752	0.770242			
293.075	0.770242	0.770242	0.823072			
293.845	0.823072	0.823072	0.801501			
294.668	0.801501	0.801501	0.73259			
295.47	0.73259	0.73259	0.706951			
296.202	0.706951	0.706951	0.767428			
296.909	0.767428	0.767428	0.861597			
297.677	0.861597	0.861597	0.872599			
298.538	0.872599	0.776179	0.791396			
299.315	0.791396	0.791396	0.817796			
300.106	0.817796	0.817796	0.830115			
300.924	0.830115	0.830115	0.817113			
301.754	0.817113	0.817113	0.80033			
302.571	0.80033	0.80033	0.809691			
303.371	0.809691	0.809691	0.847344			
304.181	0.847344	0.417661	0.963858			
304.599	0.963858	0.0953202	0.476601			
304.694	0.476601	0.298521	0.272938			
304.992	0.272938	0.272938	1.0258			
305.265	1.0258	1.0258	1.10753			
306.291	1.10753	0.81938	0.890586			
307.111	0.890586	0.890586	0.933916			
308.001	0.933916	0.933916	0.892834			
308.935	0.892834	0.892834	0.824533			
309.828	0.824533	0.824533	0.824059			
310.652	0.824059	0.824059	0.911727			
311.477	0.911727	0.911727	0.998552			
312.388	0.998552	0.998552	0.973319			
313.387	0.973319	0.973319	0.87652			
314.36	0.87652	0.87652	0.843455			
315.237	0.843455	0.843455	0.931213			
316.08	0.931213	0.931213	1.05149			
317.011	1.05149	1.05149	1.05289			
318.063	1.05289	1.05289	0.950728			
319.116	0.950728	0.950728	0.89767			
320.066	0.89767	0.89767	0.973762			
320.964	0.973762	0.973762	1.09541			
321.938	1.09541	1.09541	1.11078			
323.033	1.11078	1.11078	1.03303			
324.144	1.03303	1.03303	0.995183			
325.177	0.995183	0.995183	1.05925			
326.172	1.05925	1.05925	1.1441			
327.232	1.1441	1.1441	1.15354			
328.376	1.15354	1.15354	1.12048			
329.529	1.12048	1.12048	1.12303			
330.65	1.12303	1.12303	1.16934			
331.773	1.16934	1.16934	1.20595			
332.942	1.20595	1.20595	1.21535			
334.148	1.21535	1.21535	1.22458			
335.363	1.22458	1.22458	1.2476			
336.588	1.2476	1.2476	1.27326			
337.835	1.27326	1.10324	1.13403			
338.939	1.13403	1.13403	1.13408			
340.073	1.13408	1.13408	1.10366			
341.207	1.10366	1.10366	1.08384			
342.311	1.08384	1.08384	1.10708			
343.394	1.10708	1.10708	1.15636			
344.501	1.15636	1.15636	1.1759			
345.658	1.1759	1.1759	1.13872			
346.834	1.13872	1.13872	1.09189			
347.972	1.09189	1.09189	1.09957			
349.064	1.09957	1.09957	1.16663			
350.164	1.16663	1.16663	1.22206			
351.33	1.22206	1.22206	1.19149			
352.553	1.19149	1.19149	1.10934			
353.744	1.10934	1.10934	1.08116			
354.853	1.08116	1.08116	1.15491			
355.935	1.15491	1.15491	1.26304			
357.089	1.26304	1.26304	1.26784			
358.352	1.26784	1.26784	1.14954			
359.62	1.14954	1.14954	1.05838			
360.77	1.05838	1.05838	1.11214			
361.828	1.11214	1.11214	1.27877			
362.94	1.27877	0.351196	1.59694			
363.292	1.59694	0.516751	1.91628			
363.808	1.91628	0.183486	0.91743			
363.992	0.91743	0.0451008	0.0410494			
364.037	0.0410494	0.0410494	0.205247			
364.078	0.205247	0.205247	1.02623			
364.283	1.02623	0.360377	1.61986			
364.644	1.61986	0.292946	1.46473			
364.937	1.46473	0.0558978	0.279489			
364.992	0.279489	0.0506599	0.0460658			
365.043	0.0460658	0.0460658	0.230329			
365.089	0.230329	0.230329	1.15164			
365.319	1.15164	1.15164	2.76511			
366.471	2.76511	2.76511	2.81392			
369.236	2.81392	1.03346	1.41075			
370.27	1.41075	1.41075	1.64388			
371.68	1.64388	1.27103	1.36139			
372.951	1.36139	1.36139	1.27036			
374.313	1.27036	1.09933	1.13077			
375.412	1.13077	1.13077	1.29228			
376.543	1.29228	1.29228	1.4059			
377.835	1.4059	1.4059	1.29504			
379.241	1.29504	1.07913	1.12439			
380.32	1.12439	1.12439	1.32514			
381.445	1.32514	1.32514	1.45881			
382.77	1.45881	1.30734	1.3299			
384.077	1.3299	1.3299	1.23218			
385.407	1.23218	1.23218	1.13369			
386.639	1.13369	1.13369	1.15791			
387.773	1.15791	1.15791	1.29919			
388.931	1.29919	1.29919	1.39996			
390.23	1.39996	1.39996	1.30414			
391.63	1.30414	1.11216	1.15006			
392.742	1.15006	1.15006	1.32287			
393.892	1.32287	1.32287	1.43524			
395.215	1.43524	1.43524	1.3048			
396.65	1.3048	1.07205	1.1227			
397.722	1.1227	1.1227	1.34724			
398.845	1.34724	1.34724	1.49541			
400.192	1.49541	1.3116	1.34465			
401.504	1.34465	1.34465	1.24295			
402.849	1.24295	1.24295	1.12723			
404.091	1.12723	1.12723	1.13735			
405.219	1.13735	1.13735	1.28105			
406.356	1.28105	1.28105	1.40075			
407.637	1.40075	1.40075	1.31184			
409.038	1.31184	1.09608	1.14174			
410.134	1.14174	1.14174	1.31466			
411.276	1.31466	1.31466	1.41243			
412.59	1.41243	1.26648	1.28833			
413.857	1.28833	1.28833	1.22211			
415.145	1.22211	1.22211	1.14132			
416.367	1.14132	1.14132	1.14277			
417.509	1.14277	1.14277	1.23515			
418.651	1.23515	1.23515	1.31326			
419.887	1.31326	1.31326	1.25805			
421.2	1.25805	1.12064	1.14201			
422.32	1.14201	1.14201	1.24263			
423.462	1.24263	1.24263	1.30169			
424.705	1.30169	1.30169	1.22074			
426.007	1.22074	1.0869	1.10765			
427.094	1.10765	1.10765	1.23505			
428.201	1.23505	1.23505	1.3216			
429.436	1.3216	1.3216	1.22714			
430.758	1.22714	1.04856	1.08349			
431.806	1.08349	1.08349	1.24584			
432.89	1.24584	1.24584	1.34935			
434.136	1.34935	1.34935	1.22411			
435.485	1.22411	1.00799	1.05371			
436.493	1.05371	1.05371	1.26527			
437.547	1.26527	1.26527	1.2664			
438.812	1.2664	1.2664	1.19791			
440.079	1.19791	1.19791	1.16432			
441.276	1.16432	1.16432	1.14762			
442.441	1.14762	1.14762	1.17352			
443.588	1.17352	1.17352	1.21509			
444.762	1.21509	1.21509	1.21594			
445.977	1.21594	1.21594	1.16274			
447.193	1.16274	1.16274	1.07247			
448.356	1.07247	1.07247	1.08701			
449.428	1.08701	1.08701	1.19086			
450.515	1.19086	1.19086	1.2661			
451.706	1.2661	1.2661	1.22783			
452.972	1.22783	1.22783	1.14857			
454.2	1.14857	1.14857	1.15195			
455.349	1.15195	1.15195	1.26909			
456.5	1.26909	1.26909	1.40296			
457.77	1.40296	1.40296	1.39509			
459.173	1.39509	1.21714	1.24782			
460.39	1.24782	1.24782	1.31705			
461.638	1.31705	1.31705	1.34052			
462.955	1.34052	1.1425	1.18264			
464.097	1.18264	1.18264	1.21061			
465.28	1.21061	1.21061	1.16392			
466.49	1.16392	1.16392	1.07648			
467.654	1.07648	1.07648	1.03886			
468.731	1.03886	1.03886	1.0882			
469.77	1.0882	1.0882	1.16313			
470.858	1.16313	1.16313	1.15208			
472.021	1.15208	1.15208	1.04512			
473.173	1.04512	1.04512	0.963655			
474.218	0.963655	0.963655	0.999698			
475.182	0.999698	0.999698	1.12218			
476.181	1.12218	1.12218	1.17815			
477.304	1.17815	1.17815	1.06433			
478.482	1.06433	0.905259	0.936782			
479.387	0.936782	0.936782	1.10752			
480.324	1.10752	1.10752	1.22488			
481.431	1.22488	1.08916	1.11126			
482.52	1.11126	1.11126	1.02023			
483.632	1.02023	1.02023	0.922918			
484.652	0.922918	0.338609	1.05446			
484.991	1.05446	0.611139	0.603353			
485.602	0.603353	0.32498	1.6249			
485.927	1.6249	1.00849	0.922024			
486.935	0.922024	0.922024	2.87868			
487.857	2.87868	2.42452	2.49029			
490.282	2.49029	1.18126	1.11731			
491.463	1.11731	1.11731	1.02845			
492.58	1.02845	1.02845	1.04851			
493.609	1.04851	1.04851	1.22262			
494.657	1.22262	1.22262	1.22712			
495.88	1.22712	0.79793	0.915614			
496.678	0.915614	0.695187	0.74659			
497.373	0.74659	0.644382	0.661624			
498.017	0.661624	0.661624	0.622952			
498.679	0.622952	0.622952	0.629069			
499.302	0.629069	0.629069	0.647291			
499.931	0.647291	0.647291	0.671788			
500.578	0.671788	0.671788	0.694552			
501.25	0.694552	0.694552	0.713169			
501.945	0.713169	0.713169	0.728123			
502.658	0.728123	0.728123	0.740619			
503.386	0.740619	0.740619	0.75142			
504.127	0.75142	0.75142	0.760827			
504.878	0.760827	0.760827	0.768882			
505.639	0.768882	0.768882	0.775516			
506.408	0.775516	0.775516	0.780617			
507.183	0.780617	0.780617	0.784134			
507.964	0.784134	0.784134	0.785064			
508.748	0.785064	0.785064	0.79476			
509.533	0.79476	0.79476	0.78942			
510.328	0.78942	0.78942	0.780381			
511.117	0.780381	0.780381	0.776981			
511.898	0.776981	0.776981	0.778238			
512.675	0.778238	0.778238	0.776908			
513.453	0.776908	0.776908	0.768982			
514.23	0.768982	0.768982	0.758201			
514.999	0.758201	0.758201	0.751381			
515.757	0.751381	0.751381	0.750398			
516.508	0.750398	0.750398	0.749873			
517.259	0.749873	0.749873	0.74338			
518.009	0.74338	0.74338	0.731624			
518.752	0.731624	0.731624	0.722386			
519.484	0.722386	0.722386	0.721423			
520.206	0.721423	0.721423	0.724911			
520.927	0.724911	0.724911	0.722673			
521.652	0.722673	0.722673	0.710427			
522.375	0.710427	0.710427	0.696683			
523.085	0.696683	0.696683	0.693536			
523.782	0.693536	0.693536	0.701739			
524.476	0.701739	0.701739	0.707466			
525.177	0.707466	0.707466	0.697142			
525.885	0.697142	0.697142	0.676368			
526.582	0.676368	0.676368	0.665776			
527.258	0.665776	0.665776	0.676522			
527.924	0.676522	0.676522	0.694753			
528.601	0.694753	0.694753	0.692935			
529.295	0.692935	0.692935	0.66471			
529.988	0.66471	0.66471	0.638777			
530.653	0.638777	0.638777	0.644918			
531.292	0.644918	0.644918	0.678404			
531.937	0.678404	0.678404	0.697293			
532.615	0.697293	0.697293	0.667395			
533.312	0.667395	0.667395	0.617136			
533.98	0.617136	0.617136	0.604565			
534.597	0.604565	0.604565	0.649002			
535.201	0.649002	0.649002	0.704636			
535.85	0.704636	0.704636	0.691762			
536.555	0.691762	0.608626	0.623179			
537.164	0.623179	0.623179	0.663678			
537.787	0.663678	0.663678	0.678544			
538.451	0.678544	0.678544	0.637173			
539.129	0.637173	0.637173	0.583895			
539.766	0.583895	0.583895	0.581356			
540.35	0.581356	0.581356	0.639838			
540.932	0.639838	0.639838	0.696986			
541.571	0.696986	0.696986	0.666			
542.268	0.666	0.566839	0.587065			
542.835	0.587065	0.587065	0.656222			
543.422	0.656222	0.656222	0.691847			
544.079	0.691847	0.691847	0.629535			
544.77	0.629535	0.534877	0.554139			
545.305	0.554139	0.554139	0.655123			
545.859	0.655123	0.655123	0.727564			
546.515	0.727564	0.646255	0.659772			
547.161	0.659772	0.659772	0.602338			
547.821	0.602338	0.540041	0.549153			
548.361	0.549153	0.549153	0.63084			
548.91	0.63084	0.63084	0.696893			
549.541	0.696893	0.696893	0.640588			
550.237	0.640588	0.512754	0.542359			
550.75	0.542359	0.542359	0.651574			
551.293	0.651574	0.651574	0.717247			
551.944	0.717247	0.615866	0.636284			
552.56	0.636284	0.636284	0.598111			
553.196	0.598111	0.598111	0.542889			
553.794	0.542889	0.542889	0.536308			
554.337	0.536308	0.536308	0.593349			
554.874	0.593349	0.593349	0.655381			
555.467	0.655381	0.655381	0.631487			
556.122	0.631487	0.532864	0.553526			
556.655	0.553526	0.553526	0.615609			
557.209	0.615609	0.615609	0.644109			
557.824	0.644109	0.644109	0.587218			
558.468	0.587218	0.507542	0.522634			
558.976	0.522634	0.522634	0.605695			
559.499	0.605695	0.605695	0.671573			
560.104	0.671573	0.671573	0.613818			
560.776	0.613818	0.486986	0.516635			
561.263	0.516635	0.516635	0.626838			
561.78	0.626838	0.626838	0.694031			
562.406	0.694031	0.592672	0.613507			
562.999	0.613507	0.613507	0.575043			
563.613	0.575043	0.575043	0.520197			
564.188	0.520197	0.520197	0.514724			
564.708	0.514724	0.514724	0.572759			
565.222	0.572759	0.572759	0.634773			
565.795	0.634773	0.634773	0.609954			
566.43	0.609954	0.511657	0.53256			
566.942	0.53256	0.53256	0.59609			
567.474	0.59609	0.59609	0.626151			
568.07	0.626151	0.626151	0.569212			
568.696	0.569212	0.488299	0.504144			
569.185	0.504144	0.504144	0.594246			
569.689	0.594246	0.594246	0.660483			
570.283	0.660483	0.593272	0.60327			
570.876	0.60327	0.60327	0.549012			
571.48	0.549012	0.549012	0.495253			
572.029	0.495253	0.495253	0.506738			
572.524	0.506738	0.506738	0.581674			
573.031	0.581674	0.581674	0.637827			
573.612	0.637827	0.637827	0.58488			
574.25	0.58488	0.474753	0.499652			
574.725	0.499652	0.499652	0.598329			
575.225	0.598329	0.598329	0.660468			
575.823	0.660468	0.574908	0.591077			
576.398	0.591077	0.591077	0.551425			
576.989	0.551425	0.551425	0.501636			
577.54	0.501636	0.501636	0.502097			
578.042	0.502097	0.502097	0.560895			
578.544	0.560895	0.560895	0.616045			
579.105	0.616045	0.616045	0.585026			
579.721	0.585026	0.492142	0.511672			
580.213	0.511672	0.511672	0.580129			
580.725	0.580129	0.580129	0.617884			
581.305	0.617884	0.617884	0.560556			
581.923	0.560556	0.470561	0.489453			
582.393	0.489453	0.489453	0.584383			
582.883	0.584383	0.584383	0.65233			
583.467	0.65233	0.578291	0.590746			
584.046	0.590746	0.590746	0.538964			
584.636	0.538964	0.48504	0.492528			
585.121	0.492528	0.492528	0.566241			
585.614	0.566241	0.566241	0.627834			
586.18	0.627834	0.627834	0.581092			
586.808	0.581092	0.468949	0.494533			
587.277	0.494533	0.494533	0.588413			
587.771	0.588413	0.588413	0.644898			
588.36	0.644898	0.562785	0.57804			
588.923	0.57804	0.57804	0.54373			
589.501	0.54373	0.54373	0.499189			
590.044	0.499189	0.499189	0.499068			
590.544	0.499068	0.499068	0.551711			
591.043	0.551711	0.551711	0.601969			
591.594	0.601969	0.601969	0.575235			
592.196	0.575235	0.493098	0.509309			
592.689	0.509309	0.509309	0.569086			
593.199	0.569086	0.569086	0.603573			
593.768	0.603573	0.603573	0.555676			
594.371	0.555676	0.477277	0.49253			
594.849	0.49253	0.49253	0.573374			
595.341	0.573374	0.573374	0.631965			
595.915	0.631965	0.631965	0.573073			
596.547	0.573073	0.456719	0.483623			
597.003	0.483623	0.483623	0.592017			
597.487	0.592017	0.592017	0.664584			
598.079	0.664584	0.57077	0.589558			
598.65	0.589558	0.589558	0.543235			
599.239	0.543235	0.486308	0.494712			
599.726	0.494712	0.494712	0.564672			
600.22	0.564672	0.564672	0.621973			
600.785	0.621973	0.621973	0.577572			
601.407	0.577572	0.472645	0.495993			
601.88	0.495993	0.495993	0.585355			
602.376	0.585355	0.585355	0.641643			
602.961	0.641643	0.567146	0.579853			
603.528	0.579853	0.579853	0.542172			
604.108	0.542172	0.542172	0.498303			
604.65	0.498303	0.498303	0.502766			
605.148	0.502766	0.502766	0.560224			
605.651	0.560224	0.560224	0.610222			
606.211	0.610222	0.610222	0.577805			
606.822	0.577805	0.491215	0.508757			
607.313	0.508757	0.508757	0.577541			
607.822	0.577541	0.577541	0.620629			
608.399	0.620629	0.620629	0.567268			
609.02	0.567268	0.473981	0.493752			
609.494	0.493752	0.493752	0.587953			
609.987	0.587953	0.587953	0.656548			
610.575	0.656548	0.584663	0.596197			
611.16	0.596197	0.596197	0.54292			
611.756	0.54292	0.54292	0.489451			
612.299	0.489451	0.489451	0.501684			
612.789	0.501684	0.501684	0.579621			
613.29	0.579621	0.579621	0.64149			
613.87	0.64149	0.64149	0.589549			
614.511	0.589549	0.473425	0.499977			
614.985	0.499977	0.499977	0.603185			
615.485	0.603185	0.603185	0.672334			
616.088	0.672334	0.585003	0.601372			
616.673	0.601372	0.601372	0.555499			
617.274	0.555499	0.555499	0.502115			
617.83	0.502115	0.502115	0.507331			
618.332	0.507331	0.507331	0.577986			
618.839	0.577986	0.577986	0.642839			
619.417	0.642839	0.642839	0.604144			
620.06	0.604144	0.493114	0.517895			
620.553	0.517895	0.517895	0.605742			
621.071	0.605742	0.605742	0.660211			
621.677	0.660211	0.587539	0.599169			
622.264	0.599169	0.599169	0.562647			
622.864	0.562647	0.562647	0.52113			
623.426	0.52113	0.52113	0.527415			
623.947	0.527415	0.527415	0.585511			
624.475	0.585511	0.585511	0.635402			
625.06	0.635402	0.635402	0.602942			
625.696	0.602942	0.516764	0.533648			
626.212	0.533648	0.533648	0.603723			
626.746	0.603723	0.603723	0.651175			
627.35	0.651175	0.651175	0.60004			
628.001	0.60004	0.502929	0.523289			
628.504	0.523289	0.523289	0.618774			
629.027	0.618774	0.618774	0.690431			
629.646	0.690431	0.620822	0.630813			
630.267	0.630813	0.630813	0.572406			
630.898	0.572406	0.572406	0.517209			
631.47	0.517209	0.517209	0.534471			
631.987	0.534471	0.534471	0.62214			
632.522	0.62214	0.62214	0.689749			
633.144	0.689749	0.689749	0.629208			
633.834	0.629208	0.499799	0.52968			
634.333	0.52968	0.52968	0.649674			
634.863	0.649674	0.649674	0.7372			
635.513	0.7372	0.637423	0.656568			
636.15	0.656568	0.656568	0.595482			
636.807	0.595482	0.52745	0.538396			
637.334	0.538396	0.538396	0.632359			
637.873	0.632359	0.632359	0.71819			
638.505	0.71819	0.71819	0.663275			
639.223	0.663275	0.514225	0.549554			
639.737	0.549554	0.549554	0.673162			
640.287	0.673162	0.673162	0.756124			
640.96	0.756124	0.647404	0.669077			
641.608	0.669077	0.669077	0.61823			
642.277	0.61823	0.61823	0.556416			
642.895	0.556416	0.556416	0.561517			
643.451	0.561517	0.561517	0.644731			
644.013	0.644731	0.644731	0.726831			
644.657	0.726831	0.726831	0.686728			
645.384	0.686728	0.552917	0.583296			
645.937	0.583296	0.583296	0.685316			
646.521	0.685316	0.685316	0.74968			
647.206	0.74968	0.666762	0.679956			
647.873	0.679956	0.679956	0.637545			
648.553	0.637545	0.637545	0.59154			
649.19	0.59154	0.59154	0.602711			
649.782	0.602711	0.602711	0.674062			
650.384	0.674062	0.674062	0.733437			
651.058	0.733437	0.733437	0.693558			
651.792	0.693558	0.592361	0.612297			
652.384	0.612297	0.612297	0.699026			
652.997	0.699026	0.699026	0.762267			
653.696	0.762267	0.436833	0.487998			
654.132	0.487998	0.487998	0.684631			
654.62	0.684631	0.0702066	0.351033			
654.691	0.351033	0.241342	0.229821			
654.932	0.229821	0.229821	0.47561			
655.162	0.47561	0.47561	0.57577			
655.637	0.57577	0.57577	0.81526			
656.213	0.81526	0.81526	0.908209			
657.028	0.908209	0.659858	0.722706			
657.688	0.722706	0.722706	0.739109			
658.411	0.739109	0.739109	0.68466			
659.15	0.68466	0.68466	0.631429			
659.835	0.631429	0.631429	0.650991			
660.466	0.650991	0.650991	0.73847			
661.117	0.73847	0.73847	0.800224			
661.856	0.800224	0.800224	0.747043			
662.656	0.747043	0.640809	0.661334			
663.297	0.661334	0.661334	0.763326			
663.958	0.763326	0.763326	0.840996			
664.721	0.840996	0.840996	0.779981			
665.562	0.779981	0.646931	0.675331			
666.209	0.675331	0.675331	0.798686			
666.885	0.798686	0.798686	0.890103			
667.683	0.890103	0.890103	0.809352			
668.573	0.809352	0.645098	0.682521			
669.218	0.682521	0.352923	0.91334			
669.571	0.91334	0.128382	0.641909			
669.7	0.641909	0.303039	0.276975			
670.003	0.276975	0.276975	0.889348			
670.28	0.889348	0.889348	1.00183			
671.169	1.00183	0.798829	0.846362			
671.968	0.846362	0.846362	0.815941			
672.814	0.815941	0.815941	0.748253			
673.63	0.748253	0.748253	0.735032			
674.379	0.735032	0.735032	0.80856			
675.114	0.80856	0.80856	0.899969			
675.922	0.899969	0.899969	0.892606			
676.822	0.892606	0.793425	0.808996			
677.615	0.808996	0.808996	0.857581			
678.424	0.857581	0.857581	0.889467			
679.282	0.889467	0.889467	0.869259			
680.172	0.869259	0.869259	0.830616			
681.041	0.830616	0.830616	0.83323			
681.871	0.83323	0.83323	0.889285			
682.705	0.889285	0.889285	0.942716			
683.594	0.942716	0.942716	0.932187			
684.537	0.932187	0.932187	0.881615			
685.469	0.881615	0.881615	0.868323			
686.35	0.868323	0.868323	0.924179			
687.219	0.924179	0.924179	0.994349			
688.143	0.994349	0.994349	0.998135			
689.137	0.998135	0.998135	0.945597			
690.135	0.945597	0.945597	0.921467			
691.081	0.921467	0.921467	0.971542			
692.002	0.971542	0.971542	1.04663			
692.974	1.04663	1.04663	1.06162			
694.021	1.06162	1.06162	1.01852			
695.082	1.01852	1.01852	0.996193			
696.101	0.996193	0.996193	1.03983			
697.097	1.03983	1.03983	1.10599			
698.137	1.10599	1.10599	1.12405			
699.243	1.12405	1.12405	1.09889			
700.367	1.09889	1.09889	1.09158			
701.466	1.09158	1.09158	1.13039			
702.557	1.13039	1.13039	1.17864			
703.688	1.17864	1.17864	1.19496			
704.866	1.19496	1.19496	1.19153			
706.061	1.19153	1.19153	1.20368			
707.253	1.20368	1.20368	1.23747			
708.457	1.23747	1.23747	1.26959			
709.694	1.26959	1.26959	1.28796			
710.964	1.28796	1.28796	1.30407			
712.252	1.30407	1.30407	1.32872			
713.556	1.32872	1.32872	1.358			
714.884	1.358	1.358	1.31235			
716.242	1.31235	1.09153	1.1355			
717.334	1.1355	1.1355	1.26998			
718.469	1.26998	1.26998	1.34087			
719.739	1.34087	1.34087	1.23852			
721.08	1.23852	1.08858	1.11196			
722.169	1.11196	1.11196	1.27493			
723.281	1.27493	1.27493	1.40316			
724.556	1.40316	1.40316	1.30464			
725.959	1.30464	1.08597	1.12947			
727.045	1.12947	1.12947	1.31685			
728.174	1.31685	0.359154	1.68256			
728.533	1.68256	0.430743	1.96233			
728.964	1.96233	0.034241	0.171205			
728.998	0.171205	0.0473012	0.0426228			
729.046	0.0426228	0.0426228	0.213114			
729.088	0.213114	0.213114	1.06557			
729.301	1.06557	0.373574	1.62444			
729.675	1.62444	0.294297	1.47148			
729.969	1.47148	0.0264364	0.132182			
729.996	0.132182	0.0454775	0.041668			
730.041	0.041668	0.041668	0.20834			
730.083	0.20834	0.20834	1.0417			
730.291	1.0417	1.0417	1.62124			
731.333	1.62124	1.62124	1.7641			
732.954	1.7641	1.7641	1.8256			
734.718	1.8256	1.8256	1.75517			
736.544	1.75517	0.978361	1.15961			
737.522	1.15961	1.15961	1.52516			
738.682	1.52516	1.52516	1.62725			
740.207	1.62725	1.20228	1.30454			
741.409	1.30454	1.30454	1.37671			
742.714	1.37671	1.37671	1.31298			
744.091	1.31298	1.31298	1.18685			
745.404	1.18685	1.18685	1.1551			
746.59	1.1551	1.1551	1.2708			
747.746	1.2708	1.2708	1.42157			
749.016	1.42157	1.42157	1.40211			
750.438	1.40211	1.20451	1.24175			
751.642	1.24175	1.24175	1.33385			
752.884	1.33385	1.33385	1.36862			
754.218	1.36862	1.36862	1.28656			
755.587	1.28656	1.28656	1.18508			
756.873	1.18508	1.18508	1.18928			
758.058	1.18928	1.18928	1.31112			
759.248	1.31112	1.31112	1.41745			
760.559	1.41745	1.41745	1.35057			
761.976	1.35057	1.17304	1.20494			
763.149	1.20494	1.20494	1.33723			
764.354	1.33723	1.33723	1.41482			
765.691	1.41482	1.41482	1.31141			
767.106	1.31141	1.14098	1.17123			
768.247	1.17123	1.17123	1.33866			
769.418	1.33866	1.33866	1.45323			
770.757	1.45323	1.45323	1.32956			
772.21	1.32956	1.09721	1.14662			
773.307	1.14662	1.14662	1.36038			
774.454	1.36038	1.36038	1.49533			
775.814	1.49533	1.31697	1.34778			
777.131	1.34778	1.34778	1.25579			
778.479	1.25579	1.25579	1.14767			
779.735	1.14767	1.14767	1.15283			
780.883	1.15283	1.15283	1.28042			
782.035	1.28042	1.28042	1.38855			
783.316	1.38855	1.38855	1.31163			
784.704	1.31163	1.11986	1.1572			
785.824	1.1572	1.1572	1.30505			
786.982	1.30505	1.30505	1.38892			
788.287	1.38892	1.38892	1.26791			
789.675	1.26791	1.07505	1.11297			
790.751	1.11297	1.11297	1.30805			
791.863	1.30805	1.30805	1.44205			
793.172	1.44205	1.29536	1.31622			
794.467	1.31622	1.31622	1.21342			
795.783	1.21342	1.21342	1.11278			
796.997	1.11278	1.11278	1.13929			
798.109	1.13929	1.13929	1.28434			
799.249	1.28434	1.28434	1.38589			
800.533	1.38589	1.38589	1.2886			
801.919	1.2886	1.10025	1.13514			
803.019	1.13514	1.13514	1.30489			
804.154	1.30489	1.30489	1.41747			
805.459	1.41747	1.41747	1.29182			
806.877	1.29182	1.06431	1.11071			
807.941	1.11071	1.11071	1.31954			
809.052	1.31954	1.31954	1.45077			
810.371	1.45077	1.27571	1.30236			
811.647	1.30236	1.30236	1.19975			
812.949	1.19975	1.19975	1.08071			
814.149	1.08071	1.08071	1.10043			
815.23	1.10043	1.10043	1.25525			
816.33	1.25525	1.25525	1.37804			
817.585	1.37804	1.37804	1.34844			
818.963	1.34844	1.34844	1.26748			
820.312	1.26748	1.26748	1.2993			
821.579	1.2993	1.2993	1.4926			
822.879	1.4926	1.4926	1.50213			
824.371	1.50213	1.50213	1.50757			
825.873	1.50757	1.50757	1.53475			
827.381	1.53475	1.53475	1.5627			
828.916	1.5627	1.5627	1.60523			
830.478	1.60523	1.37272	1.42523			
831.851	1.42523	1.27071	1.29833			
833.122	1.29833	1.29833	1.25878			
834.42	1.25878	1.25878	1.16524			
835.679	1.16524	1.16524	1.10749			
836.844	1.10749	1.10749	1.14356			
837.952	1.14356	1.14356	1.23139			
839.095	1.23139	1.23139	1.2464			
840.327	1.2464	1.2464	1.1337			
841.573	1.1337	1.01286	1.03273			
842.586	1.03273	1.03273	1.18639			
843.619	1.18639	1.18639	1.29972			
844.805	1.29972	1.29972	1.18003			
846.105	1.18003	0.937601	0.996901			
847.042	0.996901	0.996901	1.21321			
848.039	1.21321	1.21321	1.34087			
849.252	1.34087	0.500638	1.31868			
849.753	1.31868	0.23298	1.1649			
849.986	1.1649	0.711481	0.666567			
850.697	0.666567	0.271706	1.35853			
850.969	1.35853	0.874094	0.803674			
851.843	0.803674	0.803674	2.07251			
852.647	2.07251	1.55027	1.69637			
854.197	1.69637	1.22365	1.34824			
855.421	1.34824	1.09227	1.15156			
856.513	1.15156	1.00427	1.02971			
857.517	1.02971	1.02971	0.945081			
858.547	0.945081	0.945081	0.903459			
859.492	0.903459	0.903459	0.878553			
860.396	0.878553	0.878553	0.861098			
861.274	0.861098	0.861098	0.846758			
862.135	0.846758	0.846758	0.834156			
862.982	0.834156	0.834156	0.823056			
863.816	0.823056	0.823056	0.813536			
864.639	0.813536	0.813536	0.805615			
865.453	0.805615	0.805615	0.79924			
866.258	0.79924	0.79924	0.794251			
867.058	0.794251	0.794251	0.790436			
867.852	0.790436	0.790436	0.78756			
868.642	0.78756	0.78756	0.78538			
869.43	0.78538	0.78538	0.783657			
870.215	0.783657	0.783657	0.782158			
870.999	0.782158	0.782158	0.780667			
871.781	0.780667	0.780667	0.778992			
872.562	0.778992	0.778992	0.77697			
873.341	0.77697	0.77697	0.774485			
874.118	0.774485	0.774485	0.771465			
874.892	0.771465	0.771465	0.76753			
875.664	0.76753	0.76753	0.768202			
876.431	0.768202	0.768202	0.762121			
877.199	0.762121	0.762121	0.753364			
877.962	0.753364	0.753364	0.747503			
878.715	0.747503	0.747503	0.745255			
879.462	0.745255	0.745255	0.742601			
880.208	0.742601	0.742601	0.736102			
880.95	0.736102	0.736102	0.727087			
881.686	0.727087	0.727087	0.720017			
882.413	0.720017	0.720017	0.717126			
883.133	0.717126	0.717126	0.715617			
883.851	0.715617	0.715617	0.710784			
884.566	0.710784	0.710784	0.701863			
885.277	0.701863	0.701863	0.693506			
885.979	0.693506	0.693506	0.690468			
886.672	0.690468	0.690468	0.691551			
887.363	0.691551	0.691551	0.69016			
888.054	0.69016	0.69016	0.681962			
888.745	0.681962	0.681962	0.671112			
889.426	0.671112	0.671112	0.666183			
890.098	0.666183	0.666183	0.669777			
890.764	0.669777	0.669777	0.674032			
891.434	0.674032	0.674032	0.668612			
892.108	0.668612	0.668612	0.654233			
892.776	0.654233	0.654233	0.643894			
893.43	0.643894	0.643894	0.647804			
894.074	0.647804	0.647804	0.659932			
894.722	0.659932	0.659932	0.661926			
895.382	0.661926	0.661926	0.644943			
896.044	0.644943	0.644943	0.624404			
896.689	0.624404	0.624404	0.623019			
897.313	0.623019	0.623019	0.64336			
897.936	0.64336	0.64336	0.660382			
898.58	0.660382	0.660382	0.646478			
899.24	0.646478	0.646478	0.611268			
899.887	0.611268	0.611268	0.594421			
900.498	0.594421	0.594421	0.617997			
901.092	0.617997	0.617997	0.658727			
901.71	0.658727	0.658727	0.662146			
902.369	0.662146	0.662146	0.612029			
903.031	0.612029	0.612029	0.565167			
903.643	0.565167	0.565167	0.577778			
904.208	0.577778	0.577778	0.645352			
904.786	0.645352	0.645352	0.691521			
905.431	0.691521	0.691521	0.639218			
906.123	0.639218	0.538511	0.559577			
906.662	0.559577	0.559577	0.653545			
907.221	0.653545	0.653545	0.71647			
907.875	0.71647	0.638472	0.651008			
908.513	0.651008	0.651008	0.602938			
909.164	0.602938	0.602938	0.548695			
909.767	0.548695	0.548695	0.55304			
910.316	0.55304	0.55304	0.620966			
910.869	0.620966	0.620966	0.680016			
911.49	0.680016	0.680016	0.637981			
912.17	0.637981	0.529009	0.552772			
912.699	0.552772	0.552772	0.639733			
913.252	0.639733	0.639733	0.690541			
913.891	0.690541	0.614282	0.626697			
914.506	0.626697	0.626697	0.5928			
915.132	0.5928	0.5928	0.549609			
915.725	0.549609	0.549609	0.549112			
916.275	0.549112	0.549112	0.59897			
916.824	0.59897	0.59897	0.645677			
917.423	0.645677	0.645677	0.619373			
918.068	0.619373	0.53999	0.554542			
918.608	0.554542	0.554542	0.610845			
919.163	0.610845	0.610845	0.643001			
919.774	0.643001	0.643001	0.596573			
920.417	0.596573	0.520599	0.53437			
920.937	0.53437	0.53437	0.61137			
921.472	0.61137	0.61137	0.666475			
922.083	0.666475	0.666475	0.609397			
922.75	0.609397	0.496344	0.521758			
923.246	0.521758	0.521758	0.626269			
923.768	0.626269	0.626269	0.694561			
924.394	0.694561	0.604067	0.621243			
924.998	0.621243	0.621243	0.575852			
925.619	0.575852	0.575852	0.520242			
926.195	0.520242	0.520242	0.521393			
926.715	0.521393	0.521393	0.587745			
927.237	0.587745	0.587745	0.649977			
927.825	0.649977	0.649977	0.613812			
928.475	0.613812	0.507036	0.530499			
928.982	0.530499	0.530499	0.610568			
929.512	0.610568	0.610568	0.654452			
930.123	0.654452	0.584762	0.595628			
930.707	0.595628	0.595628	0.568115			
931.303	0.568115	0.568115	0.532588			
931.871	0.532588	0.532588	0.532555			
932.404	0.532555	0.532555	0.574207			
932.936	0.574207	0.574207	0.612331			
933.51	0.612331	0.612331	0.590924			
934.123	0.590924	0.528804	0.538141			
934.652	0.538141	0.538141	0.581567			
935.19	0.581567	0.581567	0.608743			
935.771	0.608743	0.608743	0.576296			
936.38	0.576296	0.576296	0.519576			
936.956	0.519576	0.519576	0.507261			
937.476	0.507261	0.507261	0.561151			
937.983	0.561151	0.561151	0.629174			
938.544	0.629174	0.629174	0.616339			
939.174	0.616339	0.519629	0.539919			
939.693	0.539919	0.539919	0.59042			
940.233	0.59042	0.59042	0.609481			
940.823	0.609481	0.609481	0.562068			
941.433	0.562068	0.503694	0.512238			
941.937	0.512238	0.512238	0.583073			
942.449	0.583073	0.583073	0.639804			
943.032	0.639804	0.639804	0.593717			
943.672	0.593717	0.488232	0.511529			
944.16	0.511529	0.511529	0.601835			
944.672	0.601835	0.601835	0.65766			
945.273	0.65766	0.582037	0.594862			
945.855	0.594862	0.594862	0.557679			
946.45	0.557679	0.557679	0.513676			
947.008	0.513676	0.513676	0.517123			
947.522	0.517123	0.517123	0.572835			
948.039	0.572835	0.572835	0.621122			
948.612	0.621122	0.621122	0.589592			
949.233	0.589592	0.506186	0.522529			
949.739	0.522529	0.522529	0.587691			
950.261	0.587691	0.587691	0.627363			
950.849	0.627363	0.627363	0.576513			
951.476	0.576513	0.489578	0.507209			
951.966	0.507209	0.507209	0.594711			
952.473	0.594711	0.594711	0.656664			
953.068	0.656664	0.656664	0.591505			
953.725	0.591505	0.467119	0.496175			
954.192	0.496175	0.496175	0.613835			
954.688	0.613835	0.613835	0.693391			
955.302	0.693391	0.590809	0.611986			
955.893	0.611986	0.611986	0.562131			
956.505	0.562131	0.499628	0.509517			
957.004	0.509517	0.509517	0.585505			
957.514	0.585505	0.585505	0.646752			
958.099	0.646752	0.646752	0.597484			
958.746	0.597484	0.484578	0.51008			
959.231	0.51008	0.51008	0.607643			
959.741	0.607643	0.607643	0.66923			
960.348	0.66923	0.586831	0.601678			
960.935	0.601678	0.601678	0.561866			
961.537	0.561866	0.561866	0.514281			
962.099	0.514281	0.514281	0.517939			
962.613	0.517939	0.517939	0.578881			
963.131	0.578881	0.578881	0.633349			
963.71	0.633349	0.633349	0.600164			
964.343	0.600164	0.507678	0.526725			
964.851	0.526725	0.526725	0.598654			
965.377	0.598654	0.598654	0.642432			
965.976	0.642432	0.642432	0.585986			
966.619	0.585986	0.490058	0.510338			
967.109	0.510338	0.510338	0.608531			
967.619	0.608531	0.608531	0.680041			
968.227	0.680041	0.6056	0.617556			
968.833	0.617556	0.617556	0.562217			
969.451	0.562217	0.562217	0.50698			
970.013	0.50698	0.50698	0.519996			
970.52	0.519996	0.519996	0.600686			
971.04	0.600686	0.600686	0.66373			
971.641	0.66373	0.66373	0.609624			
972.304	0.609624	0.491088	0.518069			
972.795	0.518069	0.518069	0.624149			
973.313	0.624149	0.624149	0.694916			
973.938	0.694916	0.606104	0.622556			
974.544	0.622556	0.622556	0.57551			
975.166	0.57551	0.57551	0.521336			
975.742	0.521336	0.521336	0.527313			
976.263	0.527313	0.527313	0.599583			
976.79	0.599583	0.599583	0.664406			
977.39	0.664406	0.664406	0.624079			
978.054	0.624079	0.512645	0.537226			
978.567	0.537226	0.537226	0.626532			
979.104	0.626532	0.626532	0.682274			
979.731	0.682274	0.610026	0.621096			
980.341	0.621096	0.621096	0.582726			
980.962	0.582726	0.582726	0.540591			
981.545	0.540591	0.540591	0.548489			
982.085	0.548489	0.548489	0.60891			
982.634	0.60891	0.60891	0.65856			
983.243	0.65856	0.65856	0.623174			
983.901	0.623174	0.535738	0.552657			
984.437	0.552657	0.552657	0.626109			
984.99	0.626109	0.626109	0.676762			
985.616	0.676762	0.676762	0.624057			
986.292	0.624057	0.522127	0.543606			
986.815	0.543606	0.543606	0.642568			
987.358	0.642568	0.642568	0.715714			
988.001	0.715714	0.643088	0.653615			
988.644	0.653615	0.653615	0.594892			
989.297	0.594892	0.594892	0.538899			
989.892	0.538899	0.538899	0.556077			
990.431	0.556077	0.556077	0.644449			
990.987	0.644449	0.644449	0.712394			
991.632	0.712394	0.712394	0.651954			
992.344	0.651954	0.522345	0.551955			
992.867	0.551955	0.551955	0.671871			
993.418	0.671871	0.671871	0.758639			
994.09	0.758639	0.660589	0.678769			
994.751	0.678769	0.678769	0.617323			
995.43	0.617323	0.550557	0.560671			
995.98	0.560671	0.560671	0.65427			
996.541	0.65427	0.65427	0.740344			
997.195	0.740344	0.740344	0.687032			
997.936	0.687032	0.538562	0.573405			
998.474	0.573405	0.573405	0.695258			
999.047	0.695258	0.695258	0.776141			
999.743	0.776141	0.67065	0.690891			
1000.41	0.690891	0.690891	0.640233			
1001.1	0.640233	0.640233	0.579832			
1001.74	0.579832	0.579832	0.586173			
1002.32	0.586173	0.586173	0.669255			
1002.91	0.669255	0.669255	0.749156			
1003.58	0.749156	0.749156	0.707863			
1004.33	0.707863	0.575909	0.60538			
1004.9	0.60538	0.60538	0.707906			
1005.51	0.707906	0.707906	0.77446			
1006.22	0.77446	0.693484	0.705538			
1006.91	0.705538	0.705538	0.658813			
1007.62	0.658813	0.658813	0.610525			
1008.28	0.610525	0.610525	0.624346			
1008.89	0.624346	0.624346	0.701648			
1009.51	0.701648	0.701648	0.76397			
1010.21	0.76397	0.76397	0.717958			
1010.98	0.717958	0.607445	0.629917			
1011.58	0.629917	0.629917	0.727942			
1012.21	0.727942	0.727942	0.800741			
1012.94	0.800741	0.800741	0.733476			
1013.74	0.733476	0.594368	0.625459			
1014.34	0.625459	0.625459	0.759032			
1014.96	0.759032	0.759032	0.86156			
1015.72	0.86156	0.760929	0.777861			
1016.48	0.777861	0.699397	0.710402			
1017.18	0.710402	0.710402	0.721287			
1017.89	0.721287	0.721287	0.722405			
1018.61	0.722405	0.722405	0.715246			
1019.34	0.715246	0.232901	0.477349			
1019.57	0.477349	0.128124	0.59649			
1019.7	0.59649	0.197597	0.195119			
1019.89	0.195119	0.195119	0.408922			
1020.09	0.408922	0.408922	0.46849			
1020.5	0.46849	0.46849	0.695124			
1020.97	0.695124	0.695124	0.955823			
1021.66	0.955823	0.955823	0.915008			
1022.62	0.915008	0.603833	0.682451			
1023.22	0.682451	0.682451	0.853744			
1023.9	0.853744	0.853744	0.913893			
1024.76	0.913893	0.74455	0.782787			
1025.5	0.782787	0.782787	0.793241			
1026.29	0.793241	0.793241	0.764908			
1027.08	0.764908	0.764908	0.737631			
1027.84	0.737631	0.737631	0.754611			
1028.58	0.754611	0.754611	0.812757			
1029.34	0.812757	0.812757	0.854791			
1030.15	0.854791	0.854791	0.825759			
1031	0.825759	0.825759	0.76016			
1031.83	0.76016	0.76016	0.744462			
1032.59	0.744462	0.744462	0.815924			
1033.33	0.815924	0.815924	0.918603			
1034.15	0.918603	0.479165	1.00891			
1034.63	1.00891	0.305222	0.280392			
1034.93	0.280392	0.280392	0.753678			
1035.21	0.753678	0.753678	0.865032			
1035.97	0.865032	0.865032	0.966197			
1036.83	0.966197	0.966197	0.914198			
1037.8	0.914198	0.764087	0.795544			
1038.56	0.795544	0.795544	0.914726			
1039.36	0.914726	0.914726	0.99078			
1040.27	0.99078	0.99078	0.913556			
1041.26	0.913556	0.781082	0.806813			
1042.05	0.806813	0.806813	0.942846			
1042.85	0.942846	0.942846	1.04052			
1043.8	1.04052	1.04052	0.961029			
1044.84	0.961029	0.806672	0.838503			
1045.64	0.838503	0.838503	0.983403			
1046.48	0.983403	0.983403	1.07708			
1047.46	1.07708	1.07708	0.989726			
1048.54	0.989726	0.841262	0.870671			
1049.38	0.870671	0.870671	1.01827			
1050.25	1.01827	1.01827	1.11307			
1051.27	1.11307	1.11307	1.02974			
1052.38	1.02974	0.890852	0.916485			
1053.28	0.916485	0.916485	1.05357			
1054.19	1.05357	1.05357	1.14037			
1055.25	1.14037	1.14037	1.07022			
1056.39	1.07022	0.958807	0.974758			
1057.34	0.974758	0.974758	1.08625			
1058.32	1.08625	1.08625	1.16222			
1059.41	1.16222	1.16222	1.11767			
1060.57	1.11767	1.11767	1.03861			
1061.69	1.03861	1.03861	1.04497			
1062.72	1.04497	1.04497	1.14351			
1063.77	1.14351	1.14351	1.21714			
1064.91	1.21714	1.21714	1.19059			
1066.13	1.19059	1.19059	1.13359			
1067.32	1.13359	1.13359	1.14362			
1068.45	1.14362	1.14362	1.22159			
1069.6	1.22159	1.22159	1.27763			
1070.82	1.27763	1.27763	1.26671			
1072.1	1.26671	1.26671	1.24182			
1073.36	1.24182	1.24182	1.26239			
1074.61	1.26239	1.26239	1.31731			
1075.87	1.31731	1.31731	1.35227			
1077.18	1.35227	1.35227	1.24876			
1078.54	1.24876	1.04587	1.08408			
1079.58	1.08408	1.08408	1.26908			
1080.67	1.26908	1.26908	1.40012			
1081.94	1.40012	1.40012	1.27499			
1083.34	1.27499	1.03827	1.08586			
1084.37	1.08586	1.08586	1.30546			
1085.46	1.30546	1.30546	1.46003			
1086.77	1.46003	1.30179	1.32476			
1088.07	1.32476	1.32476	1.21277			
1089.39	1.21277	1.21277	1.11036			
1090.61	1.11036	1.11036	1.1482			
1091.72	1.1482	1.1482	1.30968			
1092.86	1.30968	0.3576	1.65036			
1093.22	1.65036	0.522571	1.97373			
1093.74	1.97373	0.185999	0.929993			
1093.93	0.929993	0.0521634	0.260817			
1093.98	0.260817	0.0177559	0.0887796			
1094	0.0887796	0.0436271	0.0399373			
1094.04	0.0399373	0.0399373	0.199687			
1094.08	0.199687	0.199687	0.998434			
1094.28	0.998434	0.350981	1.56052			
1094.63	1.56052	0.2844	1.422			
1094.92	1.422	0.0668077	0.334039			
1094.99	0.334039	0.0533824	0.0482773			
1095.04	0.0482773	0.0482773	0.241387			
1095.09	0.241387	0.241387	1.20693			
1095.33	1.20693	1.20693	1.52141			
1096.54	1.52141	1.52141	1.81983			
1098.06	1.81983	1.81983	1.85819			
1099.88	1.85819	1.85819	1.82175			
1101.73	1.82175	0.99788	1.18595			
1102.73	1.18595	1.18595	1.54005			
1103.92	1.54005	1.54005	1.61609			
1105.46	1.61609	1.19666	1.29577			
1106.66	1.29577	1.29577	1.39141			
1107.95	1.39141	1.39141	1.35139			
1109.34	1.35139	1.21617	1.2335			
1110.56	1.2335	1.2335	1.3202			
1111.79	1.3202	1.3202	1.37803			
1113.11	1.37803	1.37803	1.32218			
1114.49	1.32218	1.32218	1.2163			
1115.81	1.2163	1.2163	1.19199			
1117.03	1.19199	1.19199	1.29184			
1118.22	1.29184	1.29184	1.41539			
1119.51	1.41539	1.41539	1.39391			
1120.93	1.39391	1.23175	1.25751			
1122.16	1.25751	1.25751	1.33389			
1123.42	1.33389	1.33389	1.36859			
1124.75	1.36859	1.36859	1.30466			
1126.12	1.30466	1.30466	1.2151			
1127.42	1.2151	1.2151	1.20966			
1128.64	1.20966	1.20966	1.30711			
1129.85	1.30711	1.30711	1.40083			
1131.16	1.40083	1.40083	1.355			
1132.56	1.355	1.21009	1.23122			
1133.77	1.23122	1.23122	1.32446			
1135	1.32446	1.32446	1.37807			
1136.32	1.37807	1.37807	1.30509			
1137.7	1.30509	1.30509	1.18655			
1139.01	1.18655	1.18655	1.16462			
1140.19	1.16462	1.16462	1.27671			
1141.36	1.27671	1.27671	1.40535			
1142.63	1.40535	1.40535	1.36616			
1144.04	1.36616	1.17631	1.21207			
1145.22	1.21207	1.21207	1.31753			
1146.43	1.31753	1.31753	1.3615			
1147.75	1.3615	1.3615	1.26455			
1149.11	1.26455	1.26455	1.13894			
1150.37	1.13894	1.13894	1.13392			
1151.51	1.13392	1.13392	1.27037			
1152.64	1.27037	1.27037	1.40134			
1153.91	1.40134	1.40134	1.33024			
1155.32	1.33024	1.1138	1.15823			
1156.43	1.15823	1.15823	1.31054			
1157.59	1.31054	1.31054	1.38894			
1158.9	1.38894	1.38894	1.25936			
1160.29	1.25936	1.06874	1.10552			
1161.36	1.10552	1.10552	1.30846			
1162.46	1.30846	1.30846	1.45355			
1163.77	1.45355	1.30571	1.32644			
1165.08	1.32644	1.32644	1.21345			
1166.4	1.21345	1.21345	1.10716			
1167.62	1.10716	1.10716	1.13902			
1168.72	1.13902	1.13902	1.29539			
1169.86	1.29539	1.29539	1.39959			
1171.16	1.39959	1.39959	1.28771			
1172.56	1.28771	1.0833	1.12276			
1173.64	1.12276	1.12276	1.31219			
1174.76	1.31219	1.31219	1.43489			
1176.08	1.43489	1.27935	1.30207			
1177.35	1.30207	1.30207	1.1807			
1178.66	1.1807	1.1807	1.09642			
1179.84	1.09642	1.09642	1.17347			
1180.93	1.17347	1.17347	1.35353			
1182.11	1.35353	1.35353	1.45372			
1183.46	1.45372	1.45372	1.42432			
1184.91	1.42432	1.42432	1.40732			
1186.34	1.40732	1.40732	1.53963			
1187.75	1.53963	1.53963	1.50781			
1189.29	1.50781	1.50781	1.49109			
1190.79	1.49109	1.49109	1.50259			
1192.28	1.50259	1.50259	1.5107			
1193.79	1.5107	1.5107	1.54042			
1195.3	1.54042	1.54042	1.55456			
1196.84	1.55456	1.28505	1.35136			
1198.12	1.35136	1.35136	1.40145			
1199.47	1.40145	1.40145	1.32053			
1200.88	1.32053	1.15507	1.18807			
1202.03	1.18807	1.18807	1.31213			
1203.22	1.31213	1.31213	1.36087			
1204.53	1.36087	1.21519	1.24012			
1205.75	1.24012	1.24012	1.21102			
1206.99	1.21102	1.21102	1.13927			
1208.2	1.13927	1.13927	1.09628			
1209.34	1.09628	1.09628	1.12839			
1210.43	1.12839	1.12839	1.2			
1211.56	1.2	1.2	1.21222			
1212.76	1.21222	1.21222	1.12485			
1213.97	1.12485	0.645379	1.11768			
1214.62	1.11768	0.344259	1.72129			
1214.96	1.72129	0.845879	0.767988			
1215.81	0.767988	0.767988	0.714224			
1216.58	0.714224	0.714224	3.06619			
1217.29	3.06619	2.17364	2.44891			
1219.47	2.44891	1.32532	1.55878			
1220.79	1.55878	1.38829	1.40223			
1222.18	1.40223	1.19129	1.23418			
1223.37	1.23418	1.08855	1.11254			
1224.46	1.11254	1.11254	1.02234			
1225.57	1.02234	1.02234	0.970054			
1226.59	0.970054	0.970054	0.932077			
1227.56	0.932077	0.932077	0.901804			
1228.5	0.901804	0.901804	0.876422			
1229.4	0.876422	0.876422	0.855017			
1230.27	0.855017	0.855017	0.837257			
1231.13	0.837257	0.837257	0.822901			
1231.97	0.822901	0.822901	0.811655			
1232.79	0.811655	0.811655	0.803179			
1233.6	0.803179	0.803179	0.797105			
1234.4	0.797105	0.797105	0.793062			
1235.2	0.793062	0.793062	0.790688			
1235.99	0.790688	0.790688	0.789632			
1236.78	0.789632	0.789632	0.78955			
1237.57	0.78955	0.78955	0.790107			
1238.36	0.790107	0.790107	0.790974			
1239.15	0.790974	0.790974	0.791839			
1239.95	0.791839	0.791839	0.792412			
1240.74	0.792412	0.792412	0.792448			
1241.53	0.792448	0.792448	0.791763			
1242.32	0.791763	0.791763	0.790254			
1243.11	0.790254	0.790254	0.787747			
1243.9	0.787747	0.787747	0.790319			
1244.69	0.790319	0.790319	0.784411			
1245.48	0.784411	0.784411	0.774709			
1246.27	0.774709	0.774709	0.768702			
1247.04	0.768702	0.768702	0.768049			
1247.81	0.768049	0.768049	0.767419			
1248.58	0.767419	0.767419	0.761244			
1249.35	0.761244	0.761244	0.750643			
1250.11	0.750643	0.750643	0.742367			
1250.86	0.742367	0.742367	0.740811			
1251.6	0.740811	0.740811	0.742394			
1252.34	0.742394	0.742394	0.739089			
1253.08	0.739089	0.739089	0.728202			
1253.82	0.728202	0.728202	0.716797			
1254.55	0.716797	0.716797	0.713919			
1255.27	0.713919	0.713919	0.719345			
1255.98	0.719345	0.719345	0.722109			
1256.7	0.722109	0.722109	0.712609			
1257.42	0.712609	0.712609	0.69604			
1258.13	0.69604	0.69604	0.688099			
1258.83	0.688099	0.688099	0.696331			
1259.52	0.696331	0.696331	0.70906			
1260.22	0.70906	0.70906	0.705734			
1260.92	0.705734	0.705734	0.683123			
1261.63	0.683123	0.683123	0.663686			
1262.31	0.663686	0.663686	0.669529			
1262.98	0.669529	0.669529	0.695221			
1263.65	0.695221	0.695221	0.707662			
1264.34	0.707662	0.707662	0.682753			
1265.05	0.682753	0.682753	0.643845			
1265.73	0.643845	0.643845	0.635853			
1266.38	0.635853	0.635853	0.672307			
1267.01	0.672307	0.672307	0.714341			
1267.68	0.714341	0.714341	0.701255			
1268.4	0.701255	0.701255	0.637043			
1269.1	0.637043	0.637043	0.596576			
1269.74	0.596576	0.596576	0.630405			
1270.33	0.630405	0.630405	0.713153			
1270.96	0.713153	0.713153	0.743464			
1271.68	0.743464	0.656769	0.671604			
1272.33	0.671604	0.671604	0.664759			
1273.01	0.664759	0.664759	0.638757			
1273.67	0.638757	0.638757	0.622446			
1274.31	0.622446	0.622446	0.636691			
1274.93	0.636691	0.636691	0.668144			
1275.57	0.668144	0.668144	0.676397			
1276.24	0.676397	0.676397	0.642522			
1276.91	0.642522	0.642522	0.603272			
1277.55	0.603272	0.603272	0.606098			
1278.16	0.606098	0.606098	0.654716			
1278.76	0.654716	0.654716	0.695413			
1279.42	0.695413	0.695413	0.665874			
1280.11	0.665874	0.592255	0.603989			
1280.71	0.603989	0.603989	0.660476			
1281.31	0.660476	0.660476	0.696867			
1281.97	0.696867	0.696867	0.653491			
1282.67	0.653491	0.574443	0.588169			
1283.24	0.588169	0.588169	0.662759			
1283.83	0.662759	0.662759	0.71529			
1284.49	0.71529	0.71529	0.660014			
1285.21	0.660014	0.550874	0.574216			
1285.76	0.574216	0.574216	0.675242			
1286.33	0.675242	0.675242	0.742545			
1287.01	0.742545	0.659549	0.673249			
1287.67	0.673249	0.673249	0.623663			
1288.34	0.623663	0.623663	0.568195			
1288.97	0.568195	0.568195	0.574042			
1289.53	0.574042	0.574042	0.645532			
1290.11	0.645532	0.645532	0.706321			
1290.75	0.706321	0.706321	0.662366			
1291.46	0.662366	0.551685	0.57552			
1292.01	0.57552	0.57552	0.665315			
1292.59	0.665315	0.665315	0.719172			
1293.25	0.719172	0.644133	0.655553			
1293.9	0.655553	0.655553	0.618094			
1294.55	0.618094	0.618094	0.574334			
1295.17	0.574334	0.574334	0.578024			
1295.74	0.578024	0.578024	0.633433			
1296.32	0.633433	0.633433	0.680382			
1296.96	0.680382	0.680382	0.648036			
1297.64	0.648036	0.56542	0.580444			
1298.2	0.580444	0.580444	0.644955			
1298.78	0.644955	0.644955	0.68529			
1299.43	0.68529	0.68529	0.635672			
1300.11	0.635672	0.548243	0.565001			
1300.66	0.565001	0.565001	0.650574			
1301.23	0.650574	0.650574	0.710708			
1301.88	0.710708	0.710708	0.647352			
1302.59	0.647352	0.524996	0.552629			
1303.11	0.552629	0.552629	0.667612			
1303.66	0.667612	0.667612	0.744391			
1304.33	0.744391	0.64699	0.665508			
1304.98	0.665508	0.665508	0.614194			
1305.64	0.614194	0.614194	0.553715			
1306.26	0.553715	0.553715	0.557649			
1306.81	0.557649	0.557649	0.633378			
1307.37	0.633378	0.633378	0.701936			
1308	0.701936	0.701936	0.659248			
1308.71	0.659248	0.540984	0.56724			
1309.25	0.56724	0.56724	0.659464			
1309.81	0.659464	0.659464	0.712646			
1310.47	0.712646	0.634315	0.646952			
1311.11	0.646952	0.646952	0.61312			
1311.75	0.61312	0.61312	0.571653			
1312.37	0.571653	0.571653	0.574187			
1312.94	0.574187	0.574187	0.626275			
1313.51	0.626275	0.626275	0.672058			
1314.14	0.672058	0.672058	0.644184			
1314.81	0.644184	0.567948	0.580918			
1315.38	0.580918	0.580918	0.638173			
1315.96	0.638173	0.638173	0.6748			
1316.6	0.6748	0.6748	0.632883			
1317.27	0.632883	0.557511	0.570353			
1317.83	0.570353	0.570353	0.64284			
1318.4	0.64284	0.64284	0.695417			
1319.04	0.695417	0.695417	0.645379			
1319.74	0.645379	0.542984	0.564362			
1320.28	0.564362	0.564362	0.657843			
1320.85	0.657843	0.657843	0.720533			
1321.5	0.720533	0.720533	0.64908			
1322.23	0.64908	0.519075	0.548944			
1322.74	0.548944	0.548944	0.676024			
1323.29	0.676024	0.676024	0.765034			
1323.97	0.765034	0.65787	0.67921			
1324.63	0.67921	0.67921	0.619717			
1325.31	0.619717	0.549875	0.561056			
1325.86	0.561056	0.561056	0.65069			
1326.42	0.65069	0.65069	0.725165			
1327.07	0.725165	0.725165	0.66813			
1327.79	0.66813	0.533018	0.564233			
1328.33	0.564233	0.564233	0.679833			
1328.89	0.679833	0.679833	0.753133			
1329.57	0.753133	0.653237	0.672304			
1330.22	0.672304	0.672304	0.626977			
1330.9	0.626977	0.626977	0.570816			
1331.52	0.570816	0.570816	0.57355			
1332.09	0.57355	0.57355	0.644392			
1332.67	0.644392	0.644392	0.711147			
1333.31	0.711147	0.711147	0.675255			
1334.02	0.675255	0.564861	0.588295			
1334.59	0.588295	0.588295	0.671456			
1335.18	0.671456	0.671456	0.721109			
1335.85	0.721109	0.721109	0.654845			
1336.57	0.654845	0.544388	0.568036			
1337.11	0.568036	0.568036	0.683425			
1337.68	0.683425	0.683425	0.770232			
1338.36	0.770232	0.682834	0.697374			
1339.05	0.697374	0.697374	0.629751			
1339.74	0.629751	0.562075	0.572285			
1340.31	0.572285	0.572285	0.670972			
1340.88	0.670972	0.670972	0.759565			
1341.55	0.759565	0.759565	0.700712			
1342.31	0.700712	0.545849	0.58252			
1342.86	0.58252	0.58252	0.710399			
1343.44	0.710399	0.710399	0.792024			
1344.15	0.792024	0.677738	0.700726			
1344.83	0.700726	0.700726	0.653133			
1345.53	0.653133	0.653133	0.591193			
1346.18	0.591193	0.591193	0.592122			
1346.77	0.592122	0.592122	0.669399			
1347.36	0.669399	0.669399	0.748068			
1348.03	0.748068	0.748068	0.713651			
1348.78	0.713651	0.587852	0.615448			
1349.37	0.615448	0.615448	0.705751			
1349.98	0.705751	0.705751	0.758904			
1350.69	0.758904	0.758904	0.685641			
1351.45	0.685641	0.565362	0.591489			
1352.01	0.591489	0.591489	0.72051			
1352.61	0.72051	0.72051	0.823724			
1353.33	0.823724	0.726974	0.743501			
1354.05	0.743501	0.65856	0.672511			
1354.71	0.672511	0.672511	0.685457			
1355.38	0.685457	0.685457	0.682061			
1356.07	0.682061	0.682061	0.665879			
1356.75	0.665879	0.665879	0.658443			
1357.42	0.658443	0.658443	0.674038			
1358.08	0.674038	0.674038	0.700624			
1358.75	0.700624	0.700624	0.707761			
1359.45	0.707761	0.707761	0.683729			
1360.16	0.683729	0.683729	0.657676			
1360.84	0.657676	0.657676	0.66585			
1361.5	0.66585	0.66585	0.708989			
1362.17	0.708989	0.708989	0.742514			
1362.87	0.742514	0.742514	0.719441			
1363.62	0.719441	0.719441	0.663525			
1364.34	0.663525	0.663525	0.645371			
1365	0.645371	0.645371	0.698118			
1365.65	0.698118	0.698118	0.778927			
1366.34	0.778927	0.778927	0.785828			
1367.12	0.785828	0.690115	0.706717			
1367.81	0.706717	0.706717	0.736922			
1368.52	0.736922	0.736922	0.747185			
1369.26	0.747185	0.747185	0.722082			
1370	0.722082	0.722082	0.692308			
1370.73	0.692308	0.692308	0.699452			
1371.42	0.699452	0.699452	0.747425			
1372.12	0.747425	0.747425	0.788549			
1372.86	0.788549	0.788549	0.766704			
1373.65	0.766704	0.766704	0.703488			
1374.42	0.703488	0.703488	0.679119			
1375.12	0.679119	0.679119	0.73539			
1375.8	0.73539	0.73539	0.829891			
1376.54	0.829891	0.829891	0.846665			
1377.37	0.846665	0.740543	0.759377			
1378.11	0.759377	0.759377	0.783733			
1378.87	0.783733	0.783733	0.787005			
1379.65	0.787005	0.787005	0.764919			
1380.44	0.764919	0.764919	0.747201			
1381.2	0.747201	0.747201	0.763252			
1381.95	0.763252	0.763252	0.806288			
1382.71	0.806288	0.806288	0.831471			
1383.52	0.831471	0.377719	0.399966			
1383.9	0.399966	0.399966	0.489759			
1384.3	0.489759	0.262786	0.706352			
1384.56	0.706352	0.100109	0.500543			
1384.66	0.500543	0.0753042	0.0678456			
1384.74	0.0678456	0.0678456	0.314685			
1384.8	0.314685	0.314685	0.30457			
1385.12	0.30457	0.30457	0.425028			
1385.42	0.425028	0.425028	0.562718			
1385.85	0.562718	0.562718	0.832511			
1386.41	0.832511	0.832511	1.02249			
1387.24	1.02249	0.873778	0.905498			
1388.12	0.905498	0.805985	0.821691			
1388.92	0.821691	0.821691	0.840512			
1389.74	0.840512	0.840512	0.856735			
1390.58	0.856735	0.856735	0.866227			
1391.44	0.866227	0.866227	0.871929			
1392.31	0.871929	0.871929	0.882029			
1393.18	0.882029	0.882029	0.901706			
1394.06	0.901706	0.901706	0.925985			
1394.96	0.925985	0.925985	0.94057			
1395.89	0.94057	0.94057	0.933888			
1396.83	0.933888	0.933888	0.913668			
1397.76	0.913668	0.913668	0.905853			
1398.68	0.905853	0.905853	0.929046			
1399.58	0.929046	0.0959851	0.479926			
1399.68	0.479926	0.301313	0.275091			
1399.98	0.275091	0.275091	0.654414			
1400.26	0.654414	0.654414	0.747906			
1400.91	0.747906	0.747906	1.06021			
1401.66	1.06021	1.06021	1.30168			
1402.72	1.30168	1.02501	1.09129			
1403.74	1.09129	0.951024	0.976586			
1404.69	0.976586	0.976586	0.963529			
1405.67	0.963529	0.963529	0.934498			
1406.63	0.934498	0.934498	0.936242			
1407.57	0.936242	0.936242	0.982129			
1408.51	0.982129	0.982129	1.03022			
1409.49	1.03022	1.03022	1.0267			
1410.52	1.0267	1.0267	0.982679			
1411.54	0.982679	0.982679	0.964929			
1412.53	0.964929	0.964929	1.01135			
1413.49	1.01135	1.01135	1.08241			
1414.5	1.08241	1.08241	1.09764			
1415.59	1.09764	1.09764	1.04614			
1416.68	1.04614	1.04614	1.00767			
1417.73	1.00767	1.00767	1.04616			
1418.74	1.04616	1.04616	1.13235			
1419.78	1.13235	1.13235	1.16839			
1420.92	1.16839	1.16839	1.12046			
1422.08	1.12046	1.12046	1.0697			
1423.2	1.0697	1.0697	1.09731			
1424.27	1.09731	1.09731	1.18573			
1425.37	1.18573	1.18573	1.23433			
1426.56	1.23433	1.23433	1.19845			
1427.79	1.19845	1.19845	1.15047			
1428.99	1.15047	1.15047	1.17108			
1430.14	1.17108	1.17108	1.24833			
1431.31	1.24833	1.24833	1.29413			
1432.56	1.29413	1.29413	1.26962			
1433.85	1.26962	1.26962	1.22926			
1435.12	1.22926	1.08203	1.104			
1436.21	1.104	1.104	1.19129			
1437.31	1.19129	1.19129	1.24744			
1438.5	1.24744	1.24744	1.19389			
1439.75	1.19389	1.19389	1.09767			
1440.94	1.09767	1.09767	1.08299			
1442.04	1.08299	1.08299	1.1843			
1443.12	1.1843	1.1843	1.30182			
1444.31	1.30182	1.30182	1.27891			
1445.61	1.27891	1.1318	1.15316			
1446.74	1.15316	1.15316	1.23019			
1447.89	1.23019	1.23019	1.27793			
1449.12	1.27793	1.27793	1.23072			
1450.4	1.23072	1.23072	1.14744			
1451.63	1.14744	1.14744	1.13664			
1452.78	1.13664	1.13664	1.22769			
1453.92	1.22769	1.22769	1.32962			
1455.14	1.32962	1.32962	1.30743			
1456.47	1.30743	1.30743	1.18091			
1457.78	1.18091	1.18091	1.11214			
1458.96	1.11214	0.031729	0.158645			
1458.99	0.158645	0.0463918	0.0419619			
1459.04	0.0419619	0.0419619	0.209809			
1459.08	0.209809	0.209809	1.04905			
1459.29	1.04905	0.367977	1.54798			
1459.66	1.54798	0.283166	1.41583			
1459.94	1.41583	0.054717	0.273585			
1460	0.273585	0.0503483	0.0458128			
1460.05	0.0458128	0.0458128	0.229064			
1460.09	0.229064	0.229064	1.14532			
1460.32	1.14532	1.14532	1.52707			
1461.47	1.52707	1.52707	1.87555			
1463	1.87555	1.87555	1.93643			
1464.87	1.93643	1.10224	1.29826			
1465.97	1.29826	1.29826	1.49915			
1467.27	1.49915	1.49915	1.41173			
1468.77	1.41173	1.10887	1.17496			
1469.88	1.17496	1.17496	1.38403			
1471.06	1.38403	1.38403	1.49605			
1472.44	1.49605	1.31842	1.34726			
1473.76	1.34726	1.34726	1.28711			
1475.1	1.28711	1.28711	1.21123			
1476.39	1.21123	1.21123	1.21682			
1477.6	1.21682	1.21682	1.31251			
1478.82	1.31251	1.31251	1.39379			
1480.13	1.39379	1.39379	1.34464			
1481.53	1.34464	1.34464	1.21746			
1482.87	1.21746	1.21746	1.16968			
1484.09	1.16968	1.16968	1.26984			
1485.26	1.26984	1.26984	1.42427			
1486.53	1.42427	1.42427	1.42879			
1487.95	1.42879	1.24316	1.27587			
1489.2	1.27587	1.27587	1.33427			
1490.47	1.33427	1.33427	1.34405			
1491.81	1.34405	1.34405	1.28221			
1493.15	1.28221	1.28221	1.22066			
1494.43	1.22066	1.22066	1.23618			
1495.65	1.23618	1.23618	1.32084			
1496.89	1.32084	1.32084	1.37442			
1498.21	1.37442	1.37442	1.31272			
1499.58	1.31272	1.31272	1.2024			
1500.9	1.2024	1.2024	1.17618			
1502.1	1.17618	1.17618	1.27539			
1503.28	1.27539	1.27539	1.39699			
1504.55	1.39699	1.39699	1.36985			
1505.95	1.36985	1.1993	1.22872			
1507.15	1.22872	1.22872	1.31214			
1508.38	1.31214	1.31214	1.34454			
1509.69	1.34454	1.34454	1.26603			
1511.03	1.26603	1.26603	1.16495			
1512.3	1.16495	1.16495	1.16171			
1513.46	1.16171	1.16171	1.2718			
1514.62	1.2718	1.2718	1.37273			
1515.9	1.37273	1.37273	1.31268			
1517.27	1.31268	1.1427	1.17292			
1518.41	1.17292	1.17292	1.29215			
1519.58	1.29215	1.29215	1.35672			
1520.88	1.35672	1.35672	1.25761			
1522.23	1.25761	1.10484	1.13018			
1523.34	1.13018	1.13018	1.28455			
1524.47	1.28455	1.28455	1.3924			
1525.75	1.3924	1.3924	1.28101			
1527.15	1.28101	1.06817	1.11148			
1528.21	1.11148	1.11148	1.30552			
1529.33	1.30552	1.30552	1.43133			
1530.63	1.43133	1.28223	1.30363			
1531.91	1.30363	1.30363	1.21369			
1533.22	1.21369	1.21369	1.12338			
1534.43	1.12338	1.12338	1.14657			
1535.55	1.14657	1.14657	1.27548			
1536.7	1.27548	1.27548	1.36437			
1537.98	1.36437	1.36437	1.27678			
1539.34	1.27678	1.10834	1.13711			
1540.45	1.13711	1.13711	1.28535			
1541.59	1.28535	1.28535	1.35861			
1542.87	1.35861	1.20017	1.22487			
1544.07	1.22487	1.22487	1.22037			
1545.3	1.22037	1.22037	1.22535			
1546.52	1.22535	1.22535	1.27817			
1547.74	1.27817	1.27817	1.37105			
1549.02	1.37105	1.37105	1.46337			
1550.39	1.46337	1.46337	1.53665			
1551.85	1.53665	1.53665	1.5335			
1553.39	1.5335	1.5335	1.53773			
1554.92	1.53773	1.53773	1.5697			
1556.46	1.5697	1.5697	1.62048			
1558.03	1.62048	1.62048	1.64063			
1559.65	1.64063	1.3071	1.39432			
1560.96	1.39432	1.39432	1.44395			
1562.35	1.44395	1.44395	1.32645			
1563.8	1.32645	1.12209	1.16847			
1564.92	1.16847	1.16847	1.35017			
1566.09	1.35017	1.35017	1.44004			
1567.44	1.44004	1.22788	1.27454			
1568.67	1.27454	1.27454	1.22754			
1569.94	1.22754	1.22754	1.11357			
1571.17	1.11357	1.11357	1.0529			
1572.28	1.0529	1.0529	1.11358			
1573.34	1.11358	1.11358	1.23713			
1574.45	1.23713	1.23713	1.25627			
1575.69	1.25627	1.09821	1.12852			
1576.78	1.12852	1.12852	1.15095			
1577.91	1.15095	1.15095	1.12404			
1579.06	1.12404	0.662131	1.14895			
1579.73	1.14895	0.271842	1.35921			
1580	1.35921	0.827812	0.772912			
1580.83	0.772912	0.772912	0.736895			
1581.6	0.736895	0.736895	2.62296			
1582.34	2.62296	2.30257	2.39402			
1584.64	2.39402	0.726651	1.0471			
1585.36	1.0471	1.0471	1.46199			
1586.41	1.46199	1.46199	1.45401			
1587.87	1.45401	0.906348	1.04165			
1588.78	1.04165	1.04165	1.27537			
1589.82	1.27537	1.27537	1.31376			
1591.1	1.31376	1.03725	1.10003			
1592.13	1.10003	1.10003	1.17589			
1593.23	1.17589	1.17589	1.12507			
1594.41	1.12507	0.876642	0.878764			
1595.29	0.878764	0.878764	0.827745			
1596.17	0.827745	0.827745	0.786699			
1596.99	0.786699	0.786699	0.780826			
1597.78	0.780826	0.780826	0.788251			
1598.56	0.788251	0.788251	0.797467			
1599.35	0.797467	0.797467	0.80311			
1600.15	0.80311	0.80311	0.805264			
1600.95	0.805264	0.805264	0.8061			
1601.75	0.8061	0.8061	0.807422			
1602.56	0.807422	0.807422	0.810104			
1603.37	0.810104	0.810104	0.814467			
1604.18	0.814467	0.814467	0.820277			
1604.99	0.820277	0.820277	0.8274			
1605.81	0.8274	0.8274	0.835437			
1606.64	0.835437	0.835437	0.843933			
1607.48	0.843933	0.843933	0.852387			
1608.32	0.852387	0.852387	0.860252			
1609.17	0.860252	0.860252	0.866978			
1610.03	0.866978	0.866978	0.872079			
1610.9	0.872079	0.872079	0.874343			
1611.77	0.874343	0.874343	0.894048			
1612.65	0.894048	0.894048	0.886372			
1613.54	0.886372	0.886372	0.867185			
1614.43	0.867185	0.867185	0.859355			
1615.29	0.859355	0.859355	0.868287			
1616.15	0.868287	0.868287	0.87795			
1617.02	0.87795	0.87795	0.86988			
1617.9	0.86988	0.86988	0.846344			
1618.77	0.846344	0.846344	0.829277			
1619.62	0.829277	0.829277	0.834666			
1620.44	0.834666	0.834666	0.852653			
1621.28	0.852653	0.852653	0.854874			
1622.13	0.854874	0.854874	0.828111			
1622.99	0.828111	0.828111	0.796193			
1623.81	0.796193	0.796193	0.793329			
1624.61	0.793329	0.793329	0.823441			
1625.4	0.823441	0.823441	0.849037			
1626.23	0.849037	0.849037	0.827394			
1627.08	0.827394	0.827394	0.772748			
1627.9	0.772748	0.772748	0.745863			
1628.68	0.745863	0.745863	0.780887			
1629.42	0.780887	0.780887	0.844578			
1630.2	0.844578	0.844578	0.852016			
1631.05	0.852016	0.852016	0.773387			
1631.9	0.773387	0.773387	0.698061			
1632.67	0.698061	0.698061	0.714332			
1633.37	0.714332	0.714332	0.820015			
1634.09	0.820015	0.820015	0.901377			
1634.91	0.901377	0.901377	0.82182			
1635.81	0.82182	0.6524	0.692031			
1636.46	0.692031	0.692031	0.844352			
1637.15	0.844352	0.844352	0.945555			
1638	0.945555	0.801088	0.831513			
1638.8	0.831513	0.831513	0.768237			
1639.63	0.768237	0.678469	0.693556			
1640.31	0.693556	0.693556	0.793023			
1641	0.793023	0.793023	0.869429			
1641.79	0.869429	0.869429	0.796433			
1642.66	0.796433	0.640219	0.676135			
1643.3	0.676135	0.676135	0.815783			
1643.98	0.815783	0.815783	0.906915			
1644.8	0.906915	0.778817	0.804529			
1645.57	0.804529	0.804529	0.746179			
1646.38	0.746179	0.6682	0.679767			
1647.05	0.679767	0.679767	0.768713			
1647.73	0.768713	0.768713	0.838687			
1648.5	0.838687	0.838687	0.776941			
1649.33	0.776941	0.638818	0.669404			
1649.97	0.669404	0.669404	0.7893			
1650.64	0.7893	0.7893	0.865028			
1651.43	0.865028	0.76021	0.778908			
1652.19	0.778908	0.778908	0.727671			
1652.97	0.727671	0.727671	0.664			
1653.7	0.664	0.664	0.664477			
1654.36	0.664477	0.664477	0.739759			
1655.03	0.739759	0.739759	0.811058			
1655.77	0.811058	0.811058	0.770807			
1656.58	0.770807	0.648271	0.674071			
1657.23	0.674071	0.674071	0.76403			
1657.9	0.76403	0.76403	0.813971			
1658.66	0.813971	0.813971	0.737181			
1659.48	0.737181	0.615678	0.641539			
1660.09	0.641539	0.641539	0.769717			
1660.74	0.769717	0.769717	0.86281			
1661.51	0.86281	0.760359	0.77835			
1662.27	0.77835	0.77835	0.707454			
1663.04	0.707454	0.631087	0.642783			
1663.67	0.642783	0.642783	0.745378			
1664.32	0.745378	0.745378	0.830695			
1665.06	0.830695	0.830695	0.763374			
1665.89	0.763374	0.605256	0.642179			
1666.5	0.642179	0.642179	0.776415			
1667.14	0.776415	0.776415	0.858733			
1667.92	0.858733	0.737326	0.761668			
1668.65	0.761668	0.761668	0.713868			
1669.42	0.713868	0.713868	0.648397			
1670.13	0.648397	0.648397	0.64493			
1670.78	0.64493	0.64493	0.718805			
1671.42	0.718805	0.718805	0.794766			
1672.14	0.794766	0.794766	0.761886			
1672.94	0.761886	0.640882	0.666323			
1673.58	0.666323	0.666323	0.748307			
1674.24	0.748307	0.748307	0.791274			
1674.99	0.791274	0.791274	0.721787			
1675.78	0.721787	0.616417	0.637346			
1676.4	0.637346	0.637346	0.751599			
1677.04	0.751599	0.751599	0.836643			
1677.79	0.836643	0.836643	0.753499			
1678.63	0.753499	0.587063	0.626496			
1679.21	0.626496	0.626496	0.779923			
1679.84	0.779923	0.779923	0.882666			
1680.62	0.882666	0.745624	0.774685			
1681.37	0.774685	0.774685	0.712768			
1682.14	0.712768	0.631552	0.644744			
1682.77	0.644744	0.644744	0.740804			
1683.42	0.740804	0.740804	0.817667			
1684.16	0.817667	0.817667	0.754793			
1684.97	0.754793	0.612003	0.644253			
1685.59	0.644253	0.644253	0.768575			
1686.23	0.768575	0.768575	0.848279			
1687	0.848279	0.743613	0.76249			
1687.74	0.76249	0.76249	0.710176			
1688.51	0.710176	0.710176	0.648486			
1689.22	0.648486	0.648486	0.653959			
1689.86	0.653959	0.653959	0.734092			
1690.52	0.734092	0.734092	0.805668			
1691.25	0.805668	0.805668	0.761655			
1692.06	0.761655	0.639308	0.665047			
1692.7	0.665047	0.665047	0.761217			
1693.36	0.761217	0.761217	0.820453			
1694.12	0.820453	0.820453	0.744723			
1694.94	0.744723	0.615173	0.64332			
1695.56	0.64332	0.64332	0.776273			
1696.2	0.776273	0.776273	0.874701			
1696.98	0.874701	0.771627	0.78944			
1697.75	0.78944	0.78944	0.714674			
1698.54	0.714674	0.637718	0.649369			
1699.18	0.649369	0.649369	0.759091			
1699.83	0.759091	0.759091	0.856509			
1700.59	0.856509	0.856509	0.790522			
1701.44	0.790522	0.619124	0.659508			
1702.06	0.659508	0.659508	0.80176			
1702.72	0.80176	0.80176	0.892723			
1703.52	0.892723	0.766517	0.791578			
