RunId Time	_sDDetS_	_sDDetW_	_sDHumS_	_sDIMS_	_sDIMW_	_sNH4S_	_sNH4W_	_sNO3S_	_sNO3W_	_sO2W_	_sPAIMS_	_sPAIMW_	_sPO4S_	_sPO4W_	_sDPhytW_	_sDPhytS_	_sDElod_	_sDChar_	_sDCera_	_sDLemn_	_sDNymp_	_sDHelo_	_oChla_	_aSecchi_	-1
0	182	438.632	3.75796	3278.67	32557.9	0.519113	0.676814	0.0875721	0.0910834	0.0298244	17.5868	9.81002	1.13303e-007	0.188213	0.011387	33.6092	22.632	19.2151	0.410185	3.43391	20.3997	0.47466	2.00402	508.325	0.165914	-1
0	546	966.577	19.4	3252.1	31662.6	0.519466	0.600499	0.168499	0.0208998	0.0388592	0.713264	4.47293	7.76614e-008	0.12912	0.0189965	0.00416565	0.00277255	0.651163	0.000748744	0.0266091	115.27	0.034266	3.09872	0.0494459	0.474918	-1
0	910	1507.87	19.0075	3250.69	30698.5	0.51989	1.05499	0.230257	0.0190644	0.0400509	0.611962	3.39732	6.80286e-008	0.109995	0.0182271	0.00416006	0.00276858	0.000220701	3.85319e-005	6.00926e-005	113.591	0.0026345	4.74239	0.0492346	0.480496	-1
0	1274	1812.79	19.3249	3298.59	30068.5	0.520393	1.36379	0.270625	0.0181802	0.040023	0.539436	3.39606	6.3563e-008	0.114869	0.01829	0.00415348	0.00276649	4.80811e-005	3.8469e-005	5.45863e-005	115.191	0.000378474	7.23295	0.0492235	0.475573	-1
0	1638	2006.65	19.64	3366.34	29601.3	0.520832	1.56464	0.298636	0.0176768	0.0399865	0.502557	3.43079	6.12801e-008	0.118796	0.0183544	0.00414771	0.0027645	4.80687e-005	3.84918e-005	5.47957e-005	116.737	0.000216138	10.9934	0.0492235	0.470142	-1
0	2005.5	2145.12	19.7099	3441.86	29219.2	0.519236	1.71921	0.330085	0.0171841	0.0406409	0.460984	3.41164	5.92648e-008	0.120454	0.0187227	0.00416758	0.0027683	4.66357e-005	3.79245e-005	5.28348e-005	116.03	0.000208234	17.6016	0.0495272	0.469152	-1
0	2369.5	2248.3	19.9477	3516.68	28901.3	0.519708	1.76827	0.336337	0.0168314	0.0403653	0.453249	3.37363	5.88865e-008	0.120112	0.0187624	0.00416116	0.00276555	4.68245e-005	3.80052e-005	5.32269e-005	117.262	0.000205439	26.1571	0.0494982	0.464065	-1
0	2737	2345.63	20.019	3588.82	28598.7	0.519049	1.77192	0.344159	0.0163219	0.0403346	0.442686	3.29733	5.88406e-008	0.11783	0.0190828	0.00417118	0.00277234	4.59514e-005	3.76716e-005	5.19532e-005	117.602	0.000208484	41.7902	0.049669	0.462615	-1
0	3101	2450.76	20.32	3653	28296.4	0.519427	1.70485	0.32891	0.0157368	0.0394487	0.445406	3.20995	5.95591e-008	0.114533	0.0192262	0.00416615	0.00277047	4.60093e-005	3.77026e-005	5.21591e-005	119.135	0.000206349	60.1846	0.0496786	0.456146	-1
0	3465	2577.82	20.6884	3709.53	27968.5	0.519927	1.58882	0.306853	0.0149728	0.0383694	0.452674	3.10282	6.07531e-008	0.110122	0.0194014	0.00415967	0.00276847	4.61095e-005	3.77524e-005	5.24406e-005	121.058	0.000203772	83.6412	0.0496856	0.448479	-1
0	3829	2733.62	21.0984	3758.7	27602.5	0.520348	1.43561	0.282964	0.0140062	0.037304	0.461448	2.96615	6.22487e-008	0.104502	0.0196245	0.004154	0.00276617	4.61629e-005	3.77825e-005	5.26594e-005	123.089	0.000201284	111.688	0.0497168	0.440252	-1
0	4193	2916.46	21.5	3802.24	27198.3	0.520832	1.25675	0.259933	0.0128724	0.0363323	0.472986	2.79433	6.4007e-008	0.0975222	0.019859	0.00414777	0.00276443	4.63212e-005	3.7854e-005	5.29838e-005	125.189	0.000198633	142.784	0.0497397	0.432513	-1
0	4560.5	3115.3	21.7985	3844.51	26767.7	0.519239	1.05465	0.244783	0.0114053	0.0358913	0.46917	2.54104	6.55837e-008	0.0868508	0.0204958	0.00416748	0.00276801	4.5271e-005	3.74333e-005	5.14126e-005	125.517	0.000200727	183.057	0.0501108	0.426945	-1
0	4924.5	3303.8	22.0842	3887.24	26354.8	0.51974	0.903487	0.229818	0.0102552	0.0352939	0.479485	2.34373	6.69566e-008	0.0789008	0.0206198	0.00416078	0.0027654	4.55782e-005	3.75596e-005	5.19161e-005	127.045	0.000197863	208.926	0.0500948	0.421811	-1
0	5292	3467.75	22.389	3935.64	25975.6	0.519072	0.743965	0.217356	0.00861395	0.0347581	0.482735	2.17801	6.85244e-008	0.0707725	0.0210773	0.00417084	0.00277207	4.49485e-005	3.73155e-005	5.08975e-005	128.309	0.000199743	241.021	0.0503391	0.416507	-1
0	5656	3599.37	22.613	3985.92	25650.8	0.519484	0.702894	0.212011	0.0079728	0.0343967	0.48305	2.15451	6.87517e-008	0.0703229	0.0211146	0.0041654	0.00277012	4.51793e-005	3.74095e-005	5.12912e-005	129.436	0.000198071	249.774	0.0503239	0.412685	-1
0	6020	3699.21	22.7731	4038.49	25378.6	0.51994	0.693986	0.209505	0.00775158	0.0341507	0.481994	2.16299	6.8703e-008	0.0714574	0.0211054	0.00415949	0.00276832	4.54e-005	3.75009e-005	5.16805e-005	130.3	0.000196662	253.049	0.050283	0.409991	-1
0	6384	3772.32	22.8802	4091.36	25153.6	0.520363	0.704293	0.208748	0.00772603	0.0339831	0.480069	2.18472	6.84534e-008	0.0732953	0.0210525	0.00415387	0.00276629	4.56223e-005	3.75915e-005	5.20694e-005	130.955	0.000195331	252.905	0.0502305	0.408207	-1
0	6748	3824.76	22.9536	4142.74	24968.3	0.520841	0.721096	0.208499	0.0077946	0.0338486	0.479156	2.2076	6.81888e-008	0.0751812	0.0209659	0.00414763	0.00276425	4.58874e-005	3.7699e-005	5.25152e-005	131.535	0.000194031	251.14	0.0501589	0.406994	-1
0	7115.5	3860.82	23.0422	4193.08	24814	0.519265	0.694601	0.209872	0.00751432	0.0339474	0.466114	2.18122	6.81024e-008	0.0738625	0.0213528	0.00416715	0.00276791	4.48633e-005	3.72858e-005	5.09791e-005	130.849	0.000197216	261.553	0.0504683	0.40554	-1
-1
-1
-1
-1
