0 0.847947 0 0 0
1 0.1 0 0 0
2 0.302157 0 0 0
3 0.515753 0 0 0
4 0.747075 0 0 0
5 0.99443 0 0 0
6 1.26058 0 0 0
7 1.55042 0 0 0
8 1.87157 0 0 0
9 2.2351 0 0 0
10 2.65719 0 0 0
11 3.16191 0 0 0
12 3.78548 0 0 0
13 4.57542 0 0 0
14 5.53858 0 0 0
15 6.58101 0 0 0
16 7.66155 0 0 0
17 8.78744 0 0 0
18 9.96009 0 0 0
19 11.1768 0 0 0
20 12.3749 0 0 0
21 13.524 0 0 0
22 14.6704 0 0 0
23 15.8766 0 0 0
24 17.142 0 0 0
25 18.3969 0 0 0
26 19.5886 0 0 0
27 20.7487 0 0 0
28 21.9576 0 0 0
29 23.252 0 0 0
30 24.5638 0 0 0
31 25.7902 0 0 0
32 26.9308 0 0 0
33 28.0935 0 0 0
34 29.3836 0 0 0
35 30.7691 0 0 0
36 31.8797 0 0 0
37 33.0279 0 0 0
38 34.3456 0 0 0
39 35.5175 0 0 0
40 36.7381 0 0 0
41 37.9566 0 0 0
42 39.1152 0 0 0
43 40.2265 0 0 0
44 41.3645 0 0 0
45 42.583 0 0 0
46 43.8381 0 0 0
47 45.0238 0 0 0
48 46.1125 0 0 0
49 47.1947 0 0 0
50 48.3834 0 0 0
51 49.6782 0 0 0
52 50.7556 0 0 0
53 51.8651 0 0 0
54 53.0865 0 0 0
55 54.3659 0 0 0
56 55.4098 0 0 0
57 56.4779 0 0 0
58 57.6943 0 0 0
59 59.0162 0 0 0
60 60.0189 0 0 0
61 61.0682 0 0 0
62 62.3097 0 0 0
63 63.5067 0 0 0
64 64.7328 0 0 0
65 65.8802 0 0 0
66 66.9309 0 0 0
67 67.9832 0 0 0
68 69.1477 0 0 0
69 70.4119 0 0 0
70 71.4384 0 0 0
71 72.4995 0 0 0
72 73.6903 0 0 0
73 74.9513 0 0 0
74 75.9317 0 0 0
75 76.9467 0 0 0
76 78.138 0 0 0
77 79.3095 0 0 0
78 80.503 0 0 0
79 81.6045 0 0 0
80 82.6072 0 0 0
81 83.6218 0 0 0
82 84.7613 0 0 0
83 85.9984 0 0 0
84 86.9647 0 0 0
85 87.9707 0 0 0
86 89.1329 0 0 0
87 90.2518 0 0 0
88 91.3917 0 0 0
89 92.47 0 0 0
90 93.4721 0 0 0
91 94.4738 0 0 0
92 95.5611 0 0 0
93 96.7234 0 0 0
94 97.7047 0 0 0
95 98.7086 0 0 0
96 99.8069 0 0 0
97 100.958 0 0 0
98 101.905 0 0 0
99 102.873 0 0 0
100 103.965 0 0 0
101 105.141 0 0 0
102 106.045 0 0 0
103 106.987 0 0 0
104 108.093 0 0 0
105 109.161 0 0 0
106 110.253 0 0 0
107 111.274 0 0 0
108 112.208 0 0 0
109 113.143 0 0 0
110 114.175 0 0 0
111 115.294 0 0 0
112 116.207 0 0 0
113 117.15 0 0 0
114 118.206 0 0 0
115 119.328 0 0 0
116 120.2 0 0 0
117 121.105 0 0 0
118 122.172 0 0 0
119 123.202 0 0 0
120 124.253 0 0 0
121 124.964 0 0 0
122 125.627 0 0 0
123 126.303 0 0 0
124 127 0 0 0
125 127.75 0 0 0
126 128.378 0 0 0
127 128.914 0 0 0
128 129.375 0 0 0
129 129.765 0 0 0
130 130.078 0 0 0
131 130.356 0 0 0
132 130.613 0 0 0
133 130.873 0 0 0
134 131.132 0 0 0
135 131.411 0 0 0
136 131.727 0 0 0
137 132.096 0 0 0
138 132.535 0 0 0
139 133.055 0 0 0
140 133.661 0 0 0
141 134.347 0 0 0
142 135.072 0 0 0
143 135.672 0 0 0
144 136.285 0 0 0
145 136.971 0 0 0
146 137.708 0 0 0
147 138.321 0 0 0
148 138.948 0 0 0
149 139.648 0 0 0
150 140.402 0 0 0
151 141.016 0 0 0
152 141.647 0 0 0
153 142.361 0 0 0
154 143.126 0 0 0
155 143.719 0 0 0
156 144.335 0 0 0
157 145.056 0 0 0
158 145.755 0 0 0
159 146.468 0 0 0
160 147.136 0 0 0
161 147.749 0 0 0
162 148.365 0 0 0
163 149.042 0 0 0
164 149.77 0 0 0
165 150.366 0 0 0
166 150.98 0 0 0
167 151.665 0 0 0
168 152.389 0 0 0
169 152.96 0 0 0
170 153.549 0 0 0
171 154.232 0 0 0
172 154.976 0 0 0
173 155.517 0 0 0
174 156.087 0 0 0
175 156.781 0 0 0
176 157.442 0 0 0
177 158.126 0 0 0
178 158.763 0 0 0
179 159.34 0 0 0
180 159.913 0 0 0
181 160.552 0 0 0
182 161.256 0 0 0
183 161.82 0 0 0
184 162.407 0 0 0
185 163.068 0 0 0
186 163.766 0 0 0
187 164.306 0 0 0
188 164.865 0 0 0
189 165.525 0 0 0
190 166.179 0 0 0
191 166.844 0 0 0
192 167.455 0 0 0
193 168.01 0 0 0
194 168.576 0 0 0
195 169.218 0 0 0
196 169.916 0 0 0
197 170.453 0 0 0
198 171.013 0 0 0
199 171.67 0 0 0
200 172.307 0 0 0
201 172.957 0 0 0
202 173.567 0 0 0
203 174.131 0 0 0
204 174.699 0 0 0
205 175.327 0 0 0
206 176.002 0 0 0
207 176.557 0 0 0
208 177.128 0 0 0
209 177.768 0 0 0
210 178.45 0 0 0
211 178.989 0 0 0
212 179.546 0 0 0
213 180.193 0 0 0
214 180.901 0 0 0
215 181.419 0 0 0
216 181.964 0 0 0
217 182.628 0 0 0
218 183.27 0 0 0
219 183.931 0 0 0
220 184.543 0 0 0
221 185.097 0 0 0
222 185.655 0 0 0
223 186.286 0 0 0
224 186.981 0 0 0
225 187.526 0 0 0
226 188.094 0 0 0
227 188.749 0 0 0
228 189.455 0 0 0
229 189.979 0 0 0
230 190.527 0 0 0
231 191.193 0 0 0
232 191.848 0 0 0
233 192.519 0 0 0
234 193.134 0 0 0
235 193.687 0 0 0
236 194.252 0 0 0
237 194.901 0 0 0
238 195.616 0 0 0
239 196.157 0 0 0
240 196.725 0 0 0
241 197.397 0 0 0
242 198.05 0 0 0
243 198.718 0 0 0
244 199.343 0 0 0
245 199.921 0 0 0
246 200.508 0 0 0
247 201.159 0 0 0
248 201.862 0 0 0
249 202.438 0 0 0
250 203.033 0 0 0
251 203.702 0 0 0
252 204.415 0 0 0
253 204.985 0 0 0
254 205.572 0 0 0
255 206.251 0 0 0
256 206.995 0 0 0
257 207.557 0 0 0
258 208.145 0 0 0
259 208.847 0 0 0
260 209.538 0 0 0
261 210.242 0 0 0
262 210.897 0 0 0
263 211.501 0 0 0
264 212.121 0 0 0
265 212.818 0 0 0
266 213.57 0 0 0
267 214.176 0 0 0
268 214.8 0 0 0
269 215.514 0 0 0
270 216.292 0 0 0
271 216.9 0 0 0
272 217.53 0 0 0
273 218.267 0 0 0
274 219.074 0 0 0
275 219.682 0 0 0
276 220.318 0 0 0
277 221.079 0 0 0
278 221.837 0 0 0
279 222.608 0 0 0
280 223.322 0 0 0
281 223.986 0 0 0
282 224.676 0 0 0
283 225.453 0 0 0
284 226.281 0 0 0
285 226.961 0 0 0
286 227.657 0 0 0
287 228.446 0 0 0
288 229.306 0 0 0
289 230.011 0 0 0
290 230.735 0 0 0
291 231.549 0 0 0
292 232.299 0 0 0
293 233.073 0 0 0
294 233.713 0 0 0
295 234.363 0 0 0
296 235.106 0 0 0
297 235.924 0 0 0
298 236.554 0 0 0
299 237.213 0 0 0
300 237.985 0 0 0
301 238.737 0 0 0
302 239.504 0 0 0
303 240.223 0 0 0
304 240.893 0 0 0
305 241.573 0 0 0
306 242.325 0 0 0
307 243.133 0 0 0
308 243.8 0 0 0
309 244.485 0 0 0
310 245.254 0 0 0
311 246.081 0 0 0
312 246.741 0 0 0
313 247.423 0 0 0
314 248.208 0 0 0
315 249.067 0 0 0
316 249.714 0 0 0
317 250.391 0 0 0
318 251.202 0 0 0
319 252.002 0 0 0
320 252.819 0 0 0
321 253.572 0 0 0
322 254.261 0 0 0
323 254.967 0 0 0
324 255.77 0 0 0
325 256.646 0 0 0
326 257.329 0 0 0
327 258.039 0 0 0
328 258.869 0 0 0
329 258.941 0 0 0
330 258.971 0 0 0
331 258.992 0 0 0
332 258.998 0 0 0
333 259.017 0 0 0
334 259.035 0 0 0
335 259.123 0 0 0
336 259.508 0 0 0
337 259.896 0 0 0
338 260.414 0 0 0
339 261.068 0 0 0
340 261.967 0 0 0
341 263.07 0 0 0
342 263.93 0 0 0
343 264.75 0 0 0
344 265.525 0 0 0
345 266.292 0 0 0
346 267.077 0 0 0
347 267.895 0 0 0
348 268.723 0 0 0
349 269.643 0 0 0
350 270.636 0 0 0
351 271.272 0 0 0
352 271.985 0 0 0
353 272.912 0 0 0
354 273.751 0 0 0
355 273.948 0 0 0
356 274.125 0 0 0
357 274.286 0 0 0
358 275.051 0 0 0
359 275.785 0 0 0
360 276.935 0 0 0
361 278.092 0 0 0
362 278.868 0 0 0
363 279.747 0 0 0
364 280.748 0 0 0
365 281.56 0 0 0
366 282.406 0 0 0
367 283.35 0 0 0
368 284.342 0 0 0
369 285.156 0 0 0
370 285.988 0 0 0
371 286.94 0 0 0
372 287.995 0 0 0
373 288.816 0 0 0
374 288.902 0 0 0
375 288.959 0 0 0
376 288.985 0 0 0
377 288.998 0 0 0
378 289.015 0 0 0
379 289.03 0 0 0
380 289.106 0 0 0
381 289.484 0 0 0
382 289.899 0 0 0
383 290.433 0 0 0
384 291.155 0 0 0
385 292.035 0 0 0
386 293.019 0 0 0
387 294.032 0 0 0
388 295.077 0 0 0
389 296.145 0 0 0
390 297.228 0 0 0
391 298.325 0 0 0
392 299.27 0 0 0
393 300.249 0 0 0
394 301.259 0 0 0
395 302.258 0 0 0
396 303.216 0 0 0
397 303.528 0 0 0
398 303.952 0 0 0
399 303.989 0 0 0
400 304.057 0 0 0
401 304.119 0 0 0
402 304.432 0 0 0
403 305.05 0 0 0
404 305.738 0 0 0
405 306.686 0 0 0
406 307.996 0 0 0
407 309.773 0 0 0
408 310.67 0 0 0
409 311.536 0 0 0
410 312.545 0 0 0
411 313.746 0 0 0
412 314.66 0 0 0
413 315.638 0 0 0
414 316.752 0 0 0
415 317.78 0 0 0
416 318.829 0 0 0
417 319.876 0 0 0
418 320.9 0 0 0
419 321.911 0 0 0
420 322.943 0 0 0
421 324.012 0 0 0
422 325.094 0 0 0
423 326.144 0 0 0
424 327.158 0 0 0
425 328.182 0 0 0
426 329.263 0 0 0
427 330.384 0 0 0
428 331.476 0 0 0
429 332.5 0 0 0
430 333.505 0 0 0
431 334.576 0 0 0
432 335.738 0 0 0
433 336.895 0 0 0
434 337.948 0 0 0
435 338.926 0 0 0
436 339.958 0 0 0
437 341.138 0 0 0
438 342.261 0 0 0
439 343.402 0 0 0
440 344.509 0 0 0
441 345.571 0 0 0
442 346.637 0 0 0
443 347.764 0 0 0
444 348.946 0 0 0
445 350.1 0 0 0
446 351.175 0 0 0
447 352.216 0 0 0
448 353.323 0 0 0
449 354.534 0 0 0
450 355.509 0 0 0
451 356.518 0 0 0
452 357.652 0 0 0
453 358.844 0 0 0
454 359.782 0 0 0
455 360.748 0 0 0
456 361.872 0 0 0
457 363.094 0 0 0
458 363.995 0 0 0
459 364.941 0 0 0
460 366.079 0 0 0
461 367.163 0 0 0
462 368.278 0 0 0
463 369.331 0 0 0
464 370.301 0 0 0
465 371.268 0 0 0
466 372.324 0 0 0
467 373.458 0 0 0
468 374.42 0 0 0
469 375.403 0 0 0
470 376.473 0 0 0
471 377.591 0 0 0
472 378.735 0 0 0
473 379.915 0 0 0
474 381.07 0 0 0
475 382.166 0 0 0
476 383.238 0 0 0
477 384.356 0 0 0
478 385.537 0 0 0
479 386.714 0 0 0
480 387.816 0 0 0
481 388.864 0 0 0
482 389.948 0 0 0
483 391.123 0 0 0
484 392.331 0 0 0
485 393.457 0 0 0
486 394.488 0 0 0
487 395.53 0 0 0
488 396.686 0 0 0
489 397.927 0 0 0
490 398.954 0 0 0
491 400.006 0 0 0
492 401.178 0 0 0
493 402.421 0 0 0
494 403.438 0 0 0
495 404.48 0 0 0
496 405.656 0 0 0
497 406.919 0 0 0
498 407.928 0 0 0
499 408.968 0 0 0
500 410.159 0 0 0
501 411.442 0 0 0
502 412.439 0 0 0
503 413.472 0 0 0
504 414.679 0 0 0
505 415.993 0 0 0
506 416.974 0 0 0
507 418 0 0 0
508 419.229 0 0 0
509 420.428 0 0 0
510 421.653 0 0 0
511 422.8 0 0 0
512 423.866 0 0 0
513 424.951 0 0 0
514 426.116 0 0 0
515 427.111 0 0 0
516 428.136 0 0 0
517 429.229 0 0 0
518 430.344 0 0 0
519 431.401 0 0 0
520 432.393 0 0 0
521 433.397 0 0 0
522 434.489 0 0 0
523 435.648 0 0 0
524 436.756 0 0 0
525 437.757 0 0 0
526 438.732 0 0 0
527 439.804 0 0 0
528 441.001 0 0 0
529 442.03 0 0 0
530 443.087 0 0 0
531 444.217 0 0 0
532 445.377 0 0 0
533 446.481 0 0 0
534 447.513 0 0 0
535 448.551 0 0 0
536 449.683 0 0 0
537 450.895 0 0 0
538 452.063 0 0 0
539 453.115 0 0 0
540 454.126 0 0 0
541 455.238 0 0 0
542 456.464 0 0 0
543 457.613 0 0 0
544 458.711 0 0 0
545 459.814 0 0 0
546 460.927 0 0 0
547 462.047 0 0 0
548 463.175 0 0 0
549 464.312 0 0 0
550 465.454 0 0 0
551 466.599 0 0 0
552 467.611 0 0 0
553 468.43 0 0 0
554 469.207 0 0 0
555 469.997 0 0 0
556 470.762 0 0 0
557 471.544 0 0 0
558 472.354 0 0 0
559 473.19 0 0 0
560 474.045 0 0 0
561 474.911 0 0 0
562 475.78 0 0 0
563 476.652 0 0 0
564 477.521 0 0 0
565 478.389 0 0 0
566 479.252 0 0 0
567 480.115 0 0 0
568 480.975 0 0 0
569 481.826 0 0 0
570 482.669 0 0 0
571 483.506 0 0 0
572 484.338 0 0 0
573 485.17 0 0 0
574 485.998 0 0 0
575 486.821 0 0 0
576 487.641 0 0 0
577 488.457 0 0 0
578 489.27 0 0 0
579 490.078 0 0 0
580 490.88 0 0 0
581 491.679 0 0 0
582 492.475 0 0 0
583 493.268 0 0 0
584 494.055 0 0 0
585 494.837 0 0 0
586 495.614 0 0 0
587 496.391 0 0 0
588 497.167 0 0 0
589 497.94 0 0 0
590 498.706 0 0 0
591 499.469 0 0 0
592 500.232 0 0 0
593 500.997 0 0 0
594 501.763 0 0 0
595 502.523 0 0 0
596 503.278 0 0 0
597 504.031 0 0 0
598 504.791 0 0 0
599 505.556 0 0 0
600 506.318 0 0 0
601 507.07 0 0 0
602 507.818 0 0 0
603 508.575 0 0 0
604 509.342 0 0 0
605 510.111 0 0 0
606 510.868 0 0 0
607 511.614 0 0 0
608 512.366 0 0 0
609 513.137 0 0 0
610 513.918 0 0 0
611 514.687 0 0 0
612 515.435 0 0 0
613 516.18 0 0 0
614 516.951 0 0 0
615 517.747 0 0 0
616 518.537 0 0 0
617 519.293 0 0 0
618 520.031 0 0 0
619 520.793 0 0 0
620 521.602 0 0 0
621 522.422 0 0 0
622 523.198 0 0 0
623 523.93 0 0 0
624 524.673 0 0 0
625 525.484 0 0 0
626 526.342 0 0 0
627 527.075 0 0 0
628 527.82 0 0 0
629 528.638 0 0 0
630 529.511 0 0 0
631 530.245 0 0 0
632 530.995 0 0 0
633 531.825 0 0 0
634 532.713 0 0 0
635 533.445 0 0 0
636 534.194 0 0 0
637 535.039 0 0 0
638 535.948 0 0 0
639 536.671 0 0 0
640 537.419 0 0 0
641 538.281 0 0 0
642 539.219 0 0 0
643 539.927 0 0 0
644 540.666 0 0 0
645 541.55 0 0 0
646 542.418 0 0 0
647 543.144 0 0 0
648 543.907 0 0 0
649 544.682 0 0 0
650 545.421 0 0 0
651 546.112 0 0 0
652 546.803 0 0 0
653 547.546 0 0 0
654 548.336 0 0 0
655 549.016 0 0 0
656 549.709 0 0 0
657 550.458 0 0 0
658 551.239 0 0 0
659 551.977 0 0 0
660 552.641 0 0 0
661 553.289 0 0 0
662 554.008 0 0 0
663 554.809 0 0 0
664 555.467 0 0 0
665 556.151 0 0 0
666 556.903 0 0 0
667 557.68 0 0 0
668 558.312 0 0 0
669 558.958 0 0 0
670 559.699 0 0 0
671 560.512 0 0 0
672 561.119 0 0 0
673 561.758 0 0 0
674 562.521 0 0 0
675 563.25 0 0 0
676 564 0 0 0
677 564.704 0 0 0
678 565.348 0 0 0
679 565.991 0 0 0
680 566.703 0 0 0
681 567.479 0 0 0
682 568.115 0 0 0
683 568.771 0 0 0
684 569.504 0 0 0
685 570.277 0 0 0
686 570.892 0 0 0
687 571.524 0 0 0
688 572.259 0 0 0
689 573.065 0 0 0
690 573.654 0 0 0
691 574.276 0 0 0
692 575.031 0 0 0
693 575.757 0 0 0
694 576.506 0 0 0
695 577.201 0 0 0
696 577.831 0 0 0
697 578.462 0 0 0
698 579.172 0 0 0
699 579.957 0 0 0
700 580.577 0 0 0
701 581.223 0 0 0
702 581.962 0 0 0
703 582.751 0 0 0
704 583.347 0 0 0
705 583.968 0 0 0
706 584.714 0 0 0
707 585.453 0 0 0
708 586.208 0 0 0
709 586.898 0 0 0
710 587.519 0 0 0
711 588.155 0 0 0
712 588.885 0 0 0
713 589.688 0 0 0
714 590.294 0 0 0
715 590.93 0 0 0
716 591.685 0 0 0
717 592.418 0 0 0
718 593.167 0 0 0
719 593.868 0 0 0
720 594.514 0 0 0
721 595.166 0 0 0
722 595.893 0 0 0
723 596.681 0 0 0
724 597.321 0 0 0
725 597.982 0 0 0
726 598.729 0 0 0
727 599.531 0 0 0
728 600.157 0 0 0
729 600.806 0 0 0
730 601.567 0 0 0
731 602.405 0 0 0
732 603.012 0 0 0
733 603.653 0 0 0
734 604.439 0 0 0
735 605.204 0 0 0
736 605.991 0 0 0
737 606.717 0 0 0
738 607.371 0 0 0
739 608.035 0 0 0
740 608.793 0 0 0
741 609.633 0 0 0
742 610.281 0 0 0
743 610.96 0 0 0
744 611.752 0 0 0
745 612.525 0 0 0
746 613.312 0 0 0
747 614.052 0 0 0
748 614.743 0 0 0
749 615.447 0 0 0
750 616.225 0 0 0
751 617.057 0 0 0
752 617.75 0 0 0
753 618.459 0 0 0
754 619.252 0 0 0
755 620.107 0 0 0
756 620.797 0 0 0
757 621.508 0 0 0
758 622.322 0 0 0
759 623.207 0 0 0
760 623.545 0 0 0
761 623.885 0 0 0
762 623.975 0 0 0
763 624.126 0 0 0
764 624.263 0 0 0
765 624.734 0 0 0
766 625.206 0 0 0
767 625.869 0 0 0
768 626.746 0 0 0
769 627.876 0 0 0
770 628.685 0 0 0
771 629.495 0 0 0
772 630.261 0 0 0
773 631 0 0 0
774 631.769 0 0 0
775 632.607 0 0 0
776 633.473 0 0 0
777 634.431 0 0 0
778 635.455 0 0 0
779 636.051 0 0 0
780 636.711 0 0 0
781 637.618 0 0 0
782 638.515 0 0 0
783 638.941 0 0 0
784 638.995 0 0 0
785 639.154 0 0 0
786 639.298 0 0 0
787 639.992 0 0 0
788 640.659 0 0 0
789 641.642 0 0 0
790 643.023 0 0 0
791 643.752 0 0 0
792 644.642 0 0 0
793 645.771 0 0 0
794 646.608 0 0 0
795 647.516 0 0 0
796 648.537 0 0 0
797 649.455 0 0 0
798 650.391 0 0 0
799 651.308 0 0 0
800 652.192 0 0 0
801 653.075 0 0 0
802 653.259 0 0 0
803 653.478 0 0 0
804 653.701 0 0 0
805 653.813 0 0 0
806 653.985 0 0 0
807 653.996 0 0 0
808 653.999 0 0 0
809 654.012 0 0 0
810 654.024 0 0 0
811 654.082 0 0 0
812 654.351 0 0 0
813 654.63 0 0 0
814 654.988 0 0 0
815 655.422 0 0 0
816 655.87 0 0 0
817 656.548 0 0 0
818 657.319 0 0 0
819 658.08 0 0 0
820 658.868 0 0 0
821 659.669 0 0 0
822 660.52 0 0 0
823 661.424 0 0 0
824 662.378 0 0 0
825 663.377 0 0 0
826 664.4 0 0 0
827 665.437 0 0 0
828 666.484 0 0 0
829 667.54 0 0 0
830 668.606 0 0 0
831 668.964 0 0 0
832 668.995 0 0 0
833 669.065 0 0 0
834 669.128 0 0 0
835 669.443 0 0 0
836 669.957 0 0 0
837 670.538 0 0 0
838 671.285 0 0 0
839 672.245 0 0 0
840 673.486 0 0 0
841 674.978 0 0 0
842 676.307 0 0 0
843 677.526 0 0 0
844 678.594 0 0 0
845 679.696 0 0 0
846 680.837 0 0 0
847 681.981 0 0 0
848 683.082 0 0 0
849 684.152 0 0 0
850 685.246 0 0 0
851 686.408 0 0 0
852 687.6 0 0 0
853 688.746 0 0 0
854 689.824 0 0 0
855 690.899 0 0 0
856 692.059 0 0 0
857 693.299 0 0 0
858 694.509 0 0 0
859 695.459 0 0 0
860 696.436 0 0 0
861 697.584 0 0 0
862 698.863 0 0 0
863 699.798 0 0 0
864 700.784 0 0 0
865 701.975 0 0 0
866 703.138 0 0 0
867 704.329 0 0 0
868 705.432 0 0 0
869 706.442 0 0 0
870 707.47 0 0 0
871 708.63 0 0 0
872 709.891 0 0 0
873 710.895 0 0 0
874 711.933 0 0 0
875 713.123 0 0 0
876 714.414 0 0 0
877 715.401 0 0 0
878 716.428 0 0 0
879 717.643 0 0 0
880 718.852 0 0 0
881 720.08 0 0 0
882 721.21 0 0 0
883 722.247 0 0 0
884 723.314 0 0 0
885 724.521 0 0 0
886 725.825 0 0 0
887 726.845 0 0 0
888 727.902 0 0 0
889 729.134 0 0 0
890 730.485 0 0 0
891 731.477 0 0 0
892 732.519 0 0 0
893 733.784 0 0 0
894 735.021 0 0 0
895 736.289 0 0 0
896 737.457 0 0 0
897 738.516 0 0 0
898 739.592 0 0 0
899 740.814 0 0 0
900 742.156 0 0 0
901 743.197 0 0 0
902 744.282 0 0 0
903 745.544 0 0 0
904 746.777 0 0 0
905 748.03 0 0 0
906 749.206 0 0 0
907 750.3 0 0 0
908 751.412 0 0 0
909 752.637 0 0 0
910 753.943 0 0 0
911 755.025 0 0 0
912 756.133 0 0 0
913 757.373 0 0 0
914 758.701 0 0 0
915 759.759 0 0 0
916 760.85 0 0 0
917 762.107 0 0 0
918 763.473 0 0 0
919 764.492 0 0 0
920 765.56 0 0 0
921 766.842 0 0 0
922 768.089 0 0 0
923 769.368 0 0 0
924 770.551 0 0 0
925 771.626 0 0 0
926 772.71 0 0 0
927 773.931 0 0 0
928 775.267 0 0 0
929 776.317 0 0 0
930 777.409 0 0 0
931 778.664 0 0 0
932 780.013 0 0 0
933 781.015 0 0 0
934 782.063 0 0 0
935 783.33 0 0 0
936 784.566 0 0 0
937 785.835 0 0 0
938 786.884 0 0 0
939 787.948 0 0 0
940 789.16 0 0 0
941 790.487 0 0 0
942 791.5 0 0 0
943 792.56 0 0 0
944 793.803 0 0 0
945 794.998 0 0 0
946 796.22 0 0 0
947 797.371 0 0 0
948 798.436 0 0 0
949 799.501 0 0 0
950 800.667 0 0 0
951 801.92 0 0 0
952 802.968 0 0 0
953 804.042 0 0 0
954 805.225 0 0 0
955 806.471 0 0 0
956 807.488 0 0 0
957 808.529 0 0 0
958 809.709 0 0 0
959 810.985 0 0 0
960 811.967 0 0 0
961 812.988 0 0 0
962 814.183 0 0 0
963 815.348 0 0 0
964 816.534 0 0 0
965 817.64 0 0 0
966 818.66 0 0 0
967 819.69 0 0 0
968 820.827 0 0 0
969 822.043 0 0 0
970 823.041 0 0 0
971 824.063 0 0 0
972 825.205 0 0 0
973 826.422 0 0 0
974 827.387 0 0 0
975 828.379 0 0 0
976 829.198 0 0 0
977 830.035 0 0 0
978 830.827 0 0 0
979 831.626 0 0 0
980 832.443 0 0 0
981 833.281 0 0 0
982 834.133 0 0 0
983 834.992 0 0 0
984 835.856 0 0 0
985 836.719 0 0 0
986 837.581 0 0 0
987 838.44 0 0 0
988 839.297 0 0 0
989 840.15 0 0 0
990 840.998 0 0 0
991 841.843 0 0 0
992 842.683 0 0 0
993 843.517 0 0 0
994 844.346 0 0 0
995 845.169 0 0 0
996 845.985 0 0 0
997 846.796 0 0 0
998 847.6 0 0 0
999 848.398 0 0 0
