Dag	Qev	Qin	Ptotaal	Ntotaal	NP_ratio
1	0.124	17.45127012	0.00740814	0.078976244	21.27883356
2	0.372	11.95127012	0.00740814	0.078976244	21.27883356
3	0.496	14.95127012	0.00740814	0.078976244	21.27883356
4	0.124	15.15127012	0.00740814	0.078976244	21.27883356
5	0	25.35127012	0.00740814	0.078976244	21.27883356
6	0.372	13.95127012	0.00740814	0.078976244	21.27883356
7	0.248	11.95127012	0.00740814	0.078976244	21.27883356
8	0.124	13.95127012	0.00740814	0.078976244	21.27883356
9	0.496	11.95127012	0.007850858	0.080105654	19.28300049
10	0.248	11.95127012	0.00740814	0.078976244	21.27883356
11	0.62	11.95127012	0.00740814	0.078976244	21.27883356
12	0.248	11.95127012	0.013190143	0.093726613	9.872717897
13	0.496	11.95127012	0.017125075	0.10376495	7.727259266
14	0.124	11.95127012	0.009276547	0.083742705	15.00792187
15	0.744	11.95127012	0.00740814	0.078976244	21.27883356
16	0.744	11.95127012	0.00740814	0.078976244	21.27883356
17	0.496	11.95127012	0.00740814	0.078976244	21.27883356
18	0.124	12.15127012	0.00740814	0.078976244	21.27883356
19	0.124	11.95127012	0.00740814	0.078976244	21.27883356
20	0.124	12.65127012	0.00740814	0.078976244	21.27883356
21	0.372	14.15127012	0.00740814	0.078976244	21.27883356
22	0.248	13.25127012	0.00740814	0.078976244	21.27883356
23	0.372	14.55127012	0.00740814	0.078976244	21.27883356
24	0.62	14.55127012	0.009238447	0.083645509	15.09356214
25	0.248	13.65127012	0.013061366	0.093398092	9.973399711
26	0.248	12.85127012	0.009793178	0.085060674	13.95230638
27	0.124	17.85127012	0.009272737	0.083732985	15.01643324
28	0.496	17.85127012	0.008779727	0.082475277	16.22545133
29	0.744	11.95127012	0.00740814	0.078976244	21.27883356
30	0.62	11.95127012	0.00740814	0.078976244	21.27883356
31	0.496	11.95127012	0.00740814	0.078976244	21.27883356
32	0.62	11.95127012	0.005543741	0.071237797	38.56747915
33	0.124	15.35127012	0.005543741	0.071237797	38.56747915
34	0.372	20.65127012	0.005543741	0.071237797	38.56747915
35	0.248	34.75127012	0.006282733	0.072886038	28.18391341
36	0.248	16.65127012	0.005543741	0.071237797	38.56747915
37	0.248	20.45127012	0.005543741	0.071237797	38.56747915
38	0.496	15.15127012	0.005543741	0.071237797	38.56747915
39	0.248	27.55127012	0.00725939	0.075064366	21.06925844
40	0.744	11.95127012	0.010844799	0.083061233	11.61995867
41	1.116	12.45127012	0.012469466	0.086684878	9.881073981
42	0.372	12.05127012	0.008885914	0.078692152	15.16440424
43	0.372	15.45127012	0.005543741	0.071237797	38.56747915
44	1.116	11.95127012	0.005543741	0.071237797	38.56747915
45	0.744	11.95127012	0.005543741	0.071237797	38.56747915
46	1.24	11.95127012	0.005543741	0.071237797	38.56747915
47	0.248	13.35127012	0.005543741	0.071237797	38.56747915
48	0.372	11.95127012	0.005543741	0.071237797	38.56747915
49	0.744	11.95127012	0.005543741	0.071237797	38.56747915
50	0.62	12.35127012	0.005543741	0.071237797	38.56747915
51	0.992	11.95127012	0.012228087	0.086146508	10.09753391
52	0.744	13.15127012	0.008859919	0.078634174	15.22952097
53	1.488	14.95127012	0.005543741	0.071237797	38.56747915
54	1.24	15.25127012	0.005543741	0.071237797	38.56747915
55	1.612	13.55127012	0.005543741	0.071237797	38.56747915
56	0.992	13.15127012	0.005543741	0.071237797	38.56747915
57	1.116	11.95127012	0.005543741	0.071237797	38.56747915
58	1.116	11.95127012	0.005543741	0.071237797	38.56747915
59	0.62	12.35127012	0.005543741	0.071237797	38.56747915
60	0.496	11.95127012	0.005324635	0.069295715	42.56524029
61	1.116	11.95127012	0.005324635	0.069295715	42.56524029
62	0.868	11.95127012	0.005324635	0.069295715	42.56524029
63	0.62	11.95127012	0.005324635	0.069295715	42.56524029
64	0.744	11.95127012	0.005324635	0.069295715	42.56524029
65	1.86	11.95127012	0.005324635	0.069295715	42.56524029
66	0.868	14.45127012	0.005324635	0.069295715	42.56524029
67	0.372	14.05127012	0.005324635	0.069295715	42.56524029
68	0.496	11.95127012	0.005324635	0.069295715	42.56524029
69	0.62	13.95127012	0.005324635	0.069295715	42.56524029
70	0.992	15.95127012	0.005324635	0.069295715	42.56524029
71	2.108	14.95127012	0.005324635	0.069295715	42.56524029
72	0.62	13.75127012	0.005324635	0.069295715	42.56524029
73	1.24	11.95127012	0.005324635	0.069295715	42.56524029
74	1.364	11.95127012	0.005324635	0.069295715	42.56524029
75	1.116	11.95127012	0.005324635	0.069295715	42.56524029
76	0.248	22.15127012	0.005324635	0.069295715	42.56524029
77	0.372	16.15127012	0.005324635	0.069295715	42.56524029
78	1.24	15.15127012	0.005324635	0.069295715	42.56524029
79	1.364	11.95127012	0.005324635	0.069295715	42.56524029
80	0.372	19.25127012	0.005324635	0.069295715	42.56524029
81	0.62	11.95127012	0.005324635	0.069295715	42.56524029
82	0.248	31.45127012	0.005324635	0.069295715	42.56524029
83	1.364	11.95127012	0.005324635	0.069295715	42.56524029
84	0.496	11.95127012	0.005324635	0.069295715	42.56524029
85	0.992	11.95127012	0.005324635	0.069295715	42.56524029
86	0.992	11.95127012	0.005324635	0.069295715	42.56524029
87	1.24	12.75127012	0.005324635	0.069295715	42.56524029
88	0.868	15.55127012	0.005324635	0.069295715	42.56524029
89	1.364	11.95127012	0.005324635	0.069295715	42.56524029
90	1.24	11.95127012	0.005324635	0.069295715	42.56524029
91	1.612	18.49601328	0.008326331	0.234684318	50.69121359
92	3.596	47.0709334	0.04406146	0.499287739	12.36938061
93	2.356	89.5408341	0.09868837	0.891019485	9.379969714
94	1.24	94.99673119	0.100561017	0.904448316	9.337265186
95	1.984	96.09754454	0.100562063	0.904455818	9.33724179
96	1.488	94.29673119	0.100561017	0.904448316	9.337265186
97	2.232	94.39754454	0.100562063	0.904455818	9.33724179
98	1.488	77.29880369	0.082041683	0.771645432	9.849321252
99	1.488	91.00242464	0.10056834	0.904500831	9.337101426
100	1.984	85.68436138	0.092570357	0.84714697	9.532031125
101	2.604	91.29673119	0.100561017	0.904448316	9.337265186
102	2.356	91.39754454	0.100562063	0.904455818	9.33724179
103	2.604	90.99673119	0.100561017	0.904448316	9.337265186
104	1.24	99.04073628	0.100874869	0.906698958	9.330269038
105	1.24	80.65479859	0.081727831	0.76939479	9.860093647
106	2.108	95.99591784	0.100559971	0.904440814	9.337288582
107	1.612	94.4898183	0.10428225	0.931133428	9.257124196
108	2.232	100.0975445	0.100562063	0.904455818	9.33724179
109	2.356	55.61331179	0.044373219	0.501523377	12.32953874
110	1.86	21.38462815	0.00639195	0.229158181	85.0213006
111	2.852	17.78462815	0.00639195	0.229158181	85.0213006
112	3.1	17.78462815	0.00639195	0.229158181	85.0213006
113	2.604	17.78462815	0.00639195	0.229158181	85.0213006
114	2.604	18.18462815	0.00639195	0.229158181	85.0213006
115	1.116	36.78462815	0.00639195	0.229158181	85.0213006
116	2.356	21.68462815	0.00639195	0.229158181	85.0213006
117	1.86	25.28462815	0.00639195	0.229158181	85.0213006
118	1.984	21.58462815	0.00639195	0.229158181	85.0213006
119	3.844	17.78462815	0.015618685	0.219785358	18.43521643
120	2.976	22.28462815	0.00639195	0.229158181	85.0213006
121	2.108	17.78462815	0.00695513	0.398112148	122.1771423
122	4.464	17.78462815	0.00695513	0.398112148	122.1771423
123	1.488	22.18462815	0.00695513	0.398112148	122.1771423
124	1.612	20.18462815	0.00695513	0.398112148	122.1771423
125	3.348	17.78462815	0.00695513	0.398112148	122.1771423
126	3.348	17.78462815	0.00695513	0.398112148	122.1771423
127	4.836	17.78462815	0.007672179	0.394282655	99.17731383
128	4.216	17.78462815	0.00695513	0.398112148	122.1771423
129	5.456	17.78462815	0.00695513	0.398112148	122.1771423
130	5.704	17.78462815	0.00695513	0.398112148	122.1771423
131	5.952	17.78462815	0.00695513	0.398112148	122.1771423
132	5.952	17.78462815	0.00695513	0.398112148	122.1771423
133	5.58	17.78462815	0.00695513	0.398112148	122.1771423
134	2.356	25.68462815	0.00695513	0.398112148	122.1771423
135	3.472	20.78462815	0.00695513	0.398112148	122.1771423
136	2.356	41.48462815	0.00695513	0.398112148	122.1771423
137	2.976	21.38462815	0.00695513	0.398112148	122.1771423
138	2.108	18.88462815	0.00695513	0.398112148	122.1771423
139	4.712	17.78462815	0.00695513	0.398112148	122.1771423
140	4.96	17.78462815	0.00695513	0.398112148	122.1771423
141	4.34	17.78462815	0.00695513	0.398112148	122.1771423
142	5.704	17.78462815	0.00695513	0.398112148	122.1771423
143	6.076	17.78462815	0.00695513	0.398112148	122.1771423
144	5.828	42.44947684	0.050365263	0.678181505	14.53185358
145	6.076	80.37600261	0.117115949	1.108837205	9.776441794
146	4.836	87.83767851	0.130248498	1.193564535	9.431426875
147	1.736	85.03783205	0.124088768	1.153823779	9.583881073
148	1.984	83.30320835	0.122091831	1.140940126	9.636710599
149	5.828	83.9490506	0.123404513	1.149409165	9.60178473
150	5.456	80.81846519	0.117894683	1.113861368	9.753769894
151	4.712	55.92485461	0.073201928	0.82551692	11.8770387
152	3.348	20.98462815	0.012800994	0.469447105	51.56295754
153	1.612	33.78462815	0.008636847	0.523990123	106.0665635
154	1.984	22.48462815	0.007869768	0.534037521	127.9707707
155	2.976	17.78462815	0.008636847	0.523990123	106.0665635
156	4.092	17.78462815	0.007869768	0.534037521	127.9707707
157	4.34	19.48462815	0.007869768	0.534037521	127.9707707
158	4.464	50.56167827	0.065640709	0.701166044	11.31934221
159	5.456	75.0282242	0.116378184	0.84794709	7.525164358
160	5.208	80.4874316	0.126726415	0.877884019	7.135541501
161	4.464	82.00595667	0.129604864	0.886211231	7.038549597
162	4.464	47.63702522	0.064456645	0.697740603	11.48355207
163	4.836	17.78462815	0.007869768	0.534037521	127.9707707
164	4.34	17.78462815	0.007869768	0.534037521	127.9707707
165	6.076	17.78462815	0.007869768	0.534037521	127.9707707
166	3.596	27.18462815	0.007869768	0.534037521	127.9707707
167	3.224	36.08462815	0.007869768	0.534037521	127.9707707
168	2.356	24.08462815	0.007869768	0.534037521	127.9707707
169	2.48	17.78462815	0.007869768	0.534037521	127.9707707
170	4.712	17.78462815	0.007869768	0.534037521	127.9707707
171	5.084	17.78462815	0.007869768	0.534037521	127.9707707
172	5.084	46.5829232	0.062458536	0.691960171	11.77566242
173	2.604	78.87105196	0.122525144	0.865729947	7.285541461
174	4.836	83.44477339	0.132332221	0.894101342	6.950653798
175	5.332	73.32100187	0.113142049	0.83858511	7.66213188
176	6.324	87.57171296	0.140155064	0.916732447	6.718035168
177	6.324	81.52363992	0.128690605	0.883566326	7.068872239
178	2.604	42.9773412	0.055623955	0.672188061	12.94478923
179	4.712	54.63671814	0.077724951	0.736125169	9.943833905
180	4.464	81.4281833	0.127182773	0.879204241	7.119862486
181	3.596	93.93222278	0.134393541	0.900064643	6.886656668
182	5.704	82.25972197	0.070026869	1.032869939	15.57163386
183	4.464	85.75794173	0.073360173	1.067287424	15.3206058
184	6.324	77.34627264	0.065345054	0.984528617	15.97005763
185	6.82	86.33948721	0.073914302	1.073009001	15.28118513
186	6.82	85.54077719	0.073153246	1.065150835	15.33548783
187	5.58	86.59894596	0.07416153	1.075561704	15.26379746
188	3.224	100.8785838	0.072236413	1.055684226	15.40250689
189	1.736	89.97852803	0.073951503	1.073393106	15.27856098
190	3.968	86.59406586	0.07415688	1.075513691	15.26412338
191	2.976	65.38437028	0.048515784	0.810760729	18.08961027
192	2.48	36.88462815	0.008591315	0.398527123	81.42065076
193	3.596	25.68462815	0.008591315	0.398527123	81.42065076
194	2.976	54.66523994	0.036491555	0.686606514	20.93637506
195	1.612	91.69406586	0.07415688	1.075513691	15.26412338
196	3.1	87.49406586	0.07415688	1.075513691	15.26412338
197	4.712	86.45172955	0.074021253	1.074113305	15.27364819
198	3.968	81.35956724	0.06783515	1.010239702	15.7509085
199	2.728	115.0005306	0.074067754	1.074593437	15.2703784
200	3.224	88.45634348	0.075264364	1.086948842	15.18769745
201	2.356	90.1275395	0.074474632	1.078794595	15.24195105
202	1.86	88.77471382	0.074519583	1.079258723	15.23883054
203	4.96	85.89133118	0.073487274	1.068599785	15.31150853
204	3.348	88.93763642	0.075246539	1.086764791	15.18890881
205	4.836	86.59406586	0.07415688	1.075513691	15.26412338
206	5.704	87.54487239	0.075062862	1.084868269	15.20142627
207	5.828	71.95375997	0.06020676	0.931473996	16.48331503
208	3.472	48.13717877	0.033701531	0.657798574	21.9230494
209	5.456	17.98462815	0.008591315	0.398527123	81.42065076
210	5.58	17.78462815	0.008591315	0.398527123	81.42065076
211	5.58	46.40154608	0.03585915	0.680076714	21.14501796
212	3.596	77.86519015	0.065839508	0.989634024	15.92514409
213	3.844	79.66432107	0.109075784	1.070738966	10.16082489
214	4.092	80.16382962	0.104184759	1.055581992	10.50454591
215	3.348	80.15472923	0.109691653	1.072647504	10.11979279
216	4.464	82.92887038	0.110281861	1.07447652	10.08091532
217	3.844	89.27598779	0.104046189	1.055152571	10.51477216
218	2.48	86.79685509	0.109127107	1.07089801	10.15738724
219	2.852	106.6494146	0.111103019	1.077021237	10.0275357
220	2.728	99.1640128	0.110968298	1.076603744	10.03623725
221	2.48	85.94408631	0.115511614	1.090683189	9.754357707
222	3.1	106.8578439	0.121370067	1.108838159	9.42301293
223	3.224	89.65809645	0.122316965	1.111772536	9.372530362
224	1.116	96.05809645	0.122316965	1.111772536	9.372530362
225	0.744	86.3710816	0.119182449	1.102058872	9.542808277
226	4.836	44.93426209	0.054289116	0.900958592	17.80815597
227	4.96	17.78462815	0.011460569	0.768235667	98.94942889
228	3.348	22.28462815	0.011460569	0.768235667	98.94942889
229	4.464	17.78462815	0.011460569	0.768235667	98.94942889
230	3.1	19.38462815	0.011460569	0.768235667	98.94942889
231	3.472	19.78462815	0.011460569	0.768235667	98.94942889
232	3.224	18.28462815	0.011460569	0.768235667	98.94942889
233	3.968	61.70554584	0.080745816	0.98294621	12.75738872
234	3.844	98.65809645	0.122316965	1.111772536	9.372530362
235	3.968	88.05809645	0.122316965	1.111772536	9.372530362
236	3.968	50.23974627	0.062658518	0.92689483	15.72024113
237	4.712	17.78462815	0.018135093	0.562852249	38.98288158
238	2.852	31.98462815	0.023474523	0.398551341	20.15137172
239	4.092	18.08462815	0.020560988	0.488204452	28.94891948
240	2.976	17.78462815	0.028094328	0.256394199	10.50895763
241	3.844	17.78462815	0.020695444	0.484067064	28.4765477
242	2.48	17.78462815	0.013965054	0.691169538	67.31029524
243	1.984	18.98462815	0.011460569	0.768235667	98.94942889
244	2.232	18.48462815	0.011934825	0.554972569	67.3659279
245	0.744	32.88462815	0.011934825	0.554972569	67.3659279
246	0.992	35.28462815	0.011934825	0.554972569	67.3659279
247	1.984	48.78462815	0.013666322	0.531565641	53.3182478
248	2.728	18.68462815	0.022950362	0.406061012	21.09000745
249	2.728	17.78462815	0.02078705	0.435305364	25.47074851
250	1.736	22.98462815	0.011934825	0.554972569	67.3659279
251	2.728	24.38462815	0.011934825	0.554972569	67.3659279
252	2.976	20.88462815	0.011934825	0.554972569	67.3659279
253	1.86	19.08462815	0.011934825	0.554972569	67.3659279
254	1.364	18.48462815	0.011934825	0.554972569	67.3659279
255	1.364	18.98462815	0.011934825	0.554972569	67.3659279
256	1.984	27.48462815	0.011934825	0.554972569	67.3659279
257	2.108	17.88462815	0.011934825	0.554972569	67.3659279
258	2.108	31.98462815	0.011934825	0.554972569	67.3659279
259	1.984	21.48462815	0.011934825	0.554972569	67.3659279
260	1.24	41.58462815	0.011934825	0.554972569	67.3659279
261	1.488	17.78462815	0.011934825	0.554972569	67.3659279
262	0.496	35.38462815	0.011934825	0.554972569	67.3659279
263	0.992	17.88462815	0.011934825	0.554972569	67.3659279
264	2.976	17.78462815	0.011934825	0.554972569	67.3659279
265	1.364	30.28462815	0.011934825	0.554972569	67.3659279
266	2.356	17.88462815	0.015026683	0.513175845	45.29339667
267	1.116	17.88462815	0.012447078	0.548047781	62.63094673
268	1.612	17.78462815	0.011934825	0.554972569	67.3659279
269	1.86	18.88462815	0.011934825	0.554972569	67.3659279
270	1.364	20.98462815	0.011934825	0.554972569	67.3659279
271	2.604	17.78462815	0.011934825	0.554972569	67.3659279
272	1.984	19.48462815	0.011934825	0.554972569	67.3659279
273	1.984	19.38462815	0.011934825	0.554972569	67.3659279
274	1.116	13.25127012	0.010250152	0.081921336	12.50038477
275	0.496	20.65127012	0.009547417	0.077980305	13.3282113
276	1.984	11.95127012	0.009547417	0.077980305	13.3282113
277	1.488	12.05127012	0.009547417	0.077980305	13.3282113
278	1.984	11.95127012	0.009547417	0.077980305	13.3282113
279	1.364	25.95127012	0.009547417	0.077980305	13.3282113
280	1.612	12.25127012	0.009547417	0.077980305	13.3282113
281	1.488	12.25127012	0.009547417	0.077980305	13.3282113
282	1.24	14.35127012	0.009547417	0.077980305	13.3282113
283	1.488	11.95127012	0.009547417	0.077980305	13.3282113
284	0.744	14.45127012	0.009547417	0.077980305	13.3282113
285	1.984	11.95127012	0.009547417	0.077980305	13.3282113
286	1.736	11.95127012	0.009547417	0.077980305	13.3282113
287	1.364	12.05127012	0.009547417	0.077980305	13.3282113
288	1.488	12.75127012	0.009547417	0.077980305	13.3282113
289	1.86	11.95127012	0.009547417	0.077980305	13.3282113
290	1.612	11.95127012	0.010250152	0.081921336	12.50038477
291	1.364	14.95127012	0.010250152	0.081921336	12.50038477
292	1.116	14.05127012	0.010338384	0.082416154	12.40882459
293	1.364	11.95127012	0.009547417	0.077980305	13.3282113
294	0.62	12.55127012	0.009547417	0.077980305	13.3282113
295	0.248	11.95127012	0.009547417	0.077980305	13.3282113
296	0.248	23.75127012	0.009547417	0.077980305	13.3282113
297	0.868	12.95127012	0.009547417	0.077980305	13.3282113
298	1.116	11.95127012	0.009547417	0.077980305	13.3282113
299	1.24	11.95127012	0.009547417	0.077980305	13.3282113
300	0.992	13.45127012	0.009547417	0.077980305	13.3282113
301	1.24	11.95127012	0.009547417	0.077980305	13.3282113
302	0.496	11.95127012	0.009547417	0.077980305	13.3282113
303	1.364	11.95127012	0.009547417	0.077980305	13.3282113
304	0.744	17.75127012	0.009547417	0.077980305	13.3282113
305	0.992	11.95127012	0.006041711	0.077159651	32.90299656
306	0.992	11.95127012	0.006041711	0.077159651	32.90299656
307	0.496	11.95127012	0.006041711	0.077159651	32.90299656
308	0.372	14.95127012	0.006041711	0.077159651	32.90299656
309	0.868	11.95127012	0.006138486	0.078696504	32.22836636
310	0.62	14.65127012	0.006041711	0.077159651	32.90299656
311	0.372	17.95127012	0.006041711	0.077159651	32.90299656
312	0.372	27.15127012	0.006041711	0.077159651	32.90299656
313	0.62	18.65127012	0.006041711	0.077159651	32.90299656
314	0.496	11.95127012	0.006041711	0.077159651	32.90299656
315	0.248	12.35127012	0.006041711	0.077159651	32.90299656
316	0.248	16.25127012	0.006041711	0.077159651	32.90299656
317	0.62	13.15127012	0.006041711	0.077159651	32.90299656
318	0.868	11.95127012	0.006188309	0.079487723	31.90148088
319	0.868	38.16799123	0.016888879	0.254417457	19.28539757
320	0.248	69.22329134	0.029696635	0.46371398	17.83516106
321	0.372	74.45317604	0.031901875	0.499750662	17.7183698
322	0.372	11.95127012	0.006779826	0.088881412	28.82783767
323	0.496	12.05127012	0.006041711	0.077159651	32.90299656
324	0.248	11.95127012	0.006041711	0.077159651	32.90299656
325	0.372	20.75127012	0.006041711	0.077159651	32.90299656
326	0.248	18.65127012	0.006041711	0.077159651	32.90299656
327	0.496	16.75127012	0.006041711	0.077159651	32.90299656
328	0.124	14.95127012	0.006041711	0.077159651	32.90299656
329	0.248	16.35127012	0.006041711	0.077159651	32.90299656
330	0.372	13.15127012	0.006041711	0.077159651	32.90299656
331	0.62	15.15127012	0.006041711	0.077159651	32.90299656
332	0.496	12.65127012	0.006041711	0.077159651	32.90299656
333	0.124	24.95127012	0.006041711	0.077159651	32.90299656
334	0.124	21.35127012	0.006041711	0.077159651	32.90299656
335	0.124	15.25127012	0.005822604	0.07921527	37.26097684
336	0.248	13.35127012	0.005822604	0.07921527	37.26097684
337	0.248	13.25127012	0.00589875	0.080267188	36.45022902
338	0.124	18.35127012	0.005822604	0.07921527	37.26097684
339	0.372	15.65127012	0.005822604	0.07921527	37.26097684
340	0.496	11.95127012	0.005822604	0.07921527	37.26097684
341	0.496	11.95127012	0.005822604	0.07921527	37.26097684
342	0.496	11.95127012	0.005822604	0.07921527	37.26097684
343	0.248	11.95127012	0.005822604	0.07921527	37.26097684
344	0.372	11.95127012	0.005822604	0.07921527	37.26097684
345	0.248	11.95127012	0.005822604	0.07921527	37.26097684
346	0.124	11.95127012	0.005822604	0.07921527	37.26097684
347	0.248	11.95127012	0.005822604	0.07921527	37.26097684
348	0.372	11.95127012	0.005822604	0.07921527	37.26097684
349	0.124	12.05127012	0.005822604	0.07921527	37.26097684
350	0.372	11.95127012	0.005822604	0.07921527	37.26097684
351	0.372	12.15127012	0.005822604	0.07921527	37.26097684
352	0.124	12.25127012	0.005822604	0.07921527	37.26097684
353	0.124	19.15127012	0.005822604	0.07921527	37.26097684
354	0.372	13.05127012	0.005822604	0.07921527	37.26097684
355	0	21.75127012	0.005822604	0.07921527	37.26097684
356	0.124	16.95127012	0.005822604	0.07921527	37.26097684
357	0.62	12.35127012	0.005822604	0.07921527	37.26097684
358	0	16.45127012	0.005822604	0.07921527	37.26097684
359	0.496	18.75127012	0.005822604	0.07921527	37.26097684
360	0.372	16.05127012	0.005822604	0.07921527	37.26097684
361	0.124	24.35127012	0.005822604	0.07921527	37.26097684
362	0.248	18.55127012	0.005822604	0.07921527	37.26097684
363	0.248	18.55127012	0.005822604	0.07921527	37.26097684
364	0.248	18.45127012	0.006427737	0.087574884	32.06590245
365	0.62	12.25127012	0.006458666	0.088002153	31.86152404
